proteinName,peptideSeq,charge,old_Rsquared,new_Rsquared,NDP,rateconstant,sigma,Abundance,MassToCharge,RMSE,selected_A1A0_count, selected_A2A0_count, selected_A2A1_count,improved_timePoints,new_k,I0_percentatediffI0_percentatediff,selected_io_t,i0,I0_asymptote,new_rmse,lowerci_old,upperci_old,sigma_old,lowerci_new,upperci_new,sigma_new,old_pearson,new_pearson
WDR1_MOUSE,YAPSGFYIASGDISGK,2,0.747630763984873,0.923177597223149,12,0.10843,0.0168272772546621,65581105.4545455,816.89886,0.0394640775424754,5,2,5,0| 1| 2| 3| 6| 7| 9| 13| 16| 21| 24| 31,0.106341475049041,-0.0232502418523144|-0.0147690506621219|-0.0822666914094014|,0.387476513918174| 0.328657263950774| 0.318291273224547| 0.296476769314591| 0.263689765881307| 0.220018247685354| 0.207591818423306| 0.139073592648039| 0.144345105206198| 0.152144917234363| 0.156921730442621| 0.145242264790348,0.387476513918174,0.0943189092195037,0.0230057508712549,0.0697465459805179,0.147113454019482,0.0175755178836492,0.0858793169122223,0.130980683087778,0.0102457224656861,0.918131371809495,0.976833561119487
WDR1_MOUSE,SVADGYSENNVFYGHHAK,3,-0.0477319941248628,0.0900749837742409,12,0.01372,0.0114707682705239,21659167,665.63788,0.108146124552252,1,4,4,0| 1| 3| 6| 7| 9| 16| 21| 31,0.0124130436120073,,0.308138934928739| 0.282850615420428| 0.312197816444193| 0.346925393421249| 0.31015518303563| 0.236608222966953| 0.268597011773001| 0.291114616711029| 0.201080358254602| 0.444029768869166| 0.0755516311214317| 0.260226832298436,0.308138934928739,0.0592687171519276,0.080114005799332,0,0.0400133029999415,0.0119461518835144,0,0.0331853506275936,0.00884392634366301,0.194312838277094,0.301819125710247
WDR1_MOUSE,LATGSDDNcAAFFEGPPFK,2,0.859624038716232,0.961554811482787,10,0.16758,0.0261406590026911,13755666,1022.45947,0.0309626585229805,1,3,3,0| 2| 3| 9| 13| 16| 24,NaN,,0.313568557342401| 0.257318585118434| 0.234069047065094| 0.197562796305852| 0.109491616400282| 0.104435466513694| 0.113597194873859| 0.0896930387461161| 0.0683037530142294| NaN| 0.0793490714141116| NaN,0.313568557342401,0.054891068368937,0.0147047802713883,0.099297616206331,0.235862383793669,0.0301846330239958,0.135151342449574,0.200008657550426,0.0143352805399742,0.940126433568529,0.980623244882416
WDR1_MOUSE,FGAVFLWDTGSSVGEITGHNK,3,0.830433909933335,0.858281359240325,12,0.05273,0.00755620714743976,90622672.5,741.36743,0.0275430380029474,0,4,2,0| 2| 3| 6| 7| 21,0.050672689756029,,0.331783019830581| 0.270424901377551| 0.221162786934961| 0.236382365548069| 0.222425466628991| 0.190508841016714| 0.187147136112208| 0.149715377171411| 0.157302372060273| 0.128073037967473| 0.130426232958658| 0.125713100308832,0.26794,0.0593582603824368,0.0229351564998556,0.0353593827975833,0.0701006172024167,0.00789220096885202,0.0382654436938337,0.0671945563061663,0.00657185544781095,0.921664706423454,0.933015615038736
WDR1_MOUSE,AHDGGIYAISWSPDSTHLLSASGDK,4,0.991865702049648,0.994121081716026,12,0.15449,0.00581807940284786,34839845.5,647.06213,0.00650506929799877,2,2,0,7| 16| 21| 31,0.157859523705849,0.0701099902179309|,0.231761259151968| 0.21273209102495| 0.185735424269482| 0.15366120336833| 0.101710464214953| 0.0879951130219566| 0.0704099036563552| 0.0479950174245223| 0.0348224928029491| 0.0369808245965297| 0.0316950895213211| 0.0241123641878293,0.231761259151968,0.0230542698277151,0.00553961535719356,0.141322997534398,0.167657002465602,0.00598232224019347,0.143277186465624,0.165702813534376,0.0050944521319168,0.996304877171243,0.99751876978603
WDR1_MOUSE,AHDGGIYAISWSPDSTHLLSASGDK,3,0.926649298152776,0.958046036216783,7,0.09175,0.00649232200194008,10298061.6666667,862.41376,0.00930069924812229,0,1,0,0,NaN,,0.223092381895273| 0.212882607660505| 0.197055979650984| 0.162110755407515| 0.145169971260232| 0.14075768056146| 0.108351029250052| NaN| NaN| NaN| NaN| NaN,0.223092381895273,0.0221919400487414,0.00612319163992068,0.0692836058572577,0.114216394142742,0.00918152982643691,0.076959065133272,0.106540934866728,0.00604473547365496,0.973604185552175,0.979911426741994
WDR1_MOUSE,LHHVSSLAWLDEHTLVTTSHDASVK,4,0.866060685259545,0.891546314462254,11,0.0949,0.013904928534034,9909941.5,696.60822,0.0232786735403125,3,2,3,1| 2| 3| 6| 7| 16| 24| 31,NaN,,0.213020274411365| 0.221539773851232| 0.156226494785319| 0.15640910392915| 0.129890139243693| 0.0707964097085766| 0.105199308702743| 0.0785358153213132| 0.0683989330566664| NaN| 0.0503169914595499| 0.0435375410738698,0.213020274411365,0.0294656265267939,0.0188610088907324,0.0623306249918654,0.127469375008135,0.0146173004381892,0.0685114143045893,0.121288585695411,0.0118433308945099,0.934173882615614,0.950119220036698
WDR1_MOUSE,SYIYSGSHDGHINYWDSETGENDSFSGK,4,0.679724714554067,0.979614887119099,8,0.10915,0.0157511027590747,14884425,788.83398,0.0169685988507514,1,3,2,1| 3| 6| 7| 9| 13,NaN,,0.168089390848477| 0.147089405630165| 0.136974783339239| 0.135735702199179| 0.0952426206142536| 0.088484928928486| 0.0646029127361207| 0.0439189588813868| NaN| NaN| NaN| NaN,0.168089390848477,0.0152174211172785,0.00474400423920849,0.06061418333044,0.15768581666956,0.0205258051671432,0.0955805755555273,0.122719424444473,0.00573851191736921,0.853673660884071,0.991492114419831
WDR1_MOUSE,cFSIDNPGYEPEVVAVHPGGDTVAVGGTDGNVR,3,0.342452495898526,0.421358610300734,5,0.0784,0.0252114928453131,4050412,1129.19666,0.0165096539162888,0,1,0,7,NaN,,0.136777482278328| 0.182507936031508| 0.120759485669603| 0.101828950974212| NaN| 0.0866444407201476| NaN| NaN| NaN| NaN| NaN| NaN,0.136777482278328,0.00773154859116878,0.0162399594707493,0,0.305799517965047,0.0819031204849977,0,0.304714273802162,0.0815122450591222,0.714049603213328,0.753016182687197
WDR1_MOUSE,SIQcLTVHR,2,-1.29922560091891,0.46514772985804,12,0.02505,0.00922386048461641,57535335,557.29529,0.076186043193755,5,3,3,1| 2| 3| 6| 7| 9| 13| 16| 21| 24| 31,0.0231236346694166,-0.031833678289892|,0.532581470376579| 0.481374607912144| 0.474753076011414| 0.479122433094862| 0.51945687259469| 0.455500532183154| 0.473142267639872| 0.459847073067151| 0.43572566040877| 0.486269610193386| 0.411672784776186| 0.367855233422895,0.532581470376579,0.250673172876887,0.0312200388552503,0.00413425201534618,0.0459657479846538,0.0095029027803217,0.0164790014628159,0.033620998537184,0.00389416462126528,-0.0817115611997606,0.779813194276481
WDR1_MOUSE,VYSILASTLKDEGK,2,0.296845162125328,0.549299603358722,8,0.03521,0.0113887786428858,1608192,762.41937,0.068068463891595,2,3,2,2| 6| 9| 13| 16| 21| 31,NaN,,NaN| NaN| 0.377392022990368| NaN| 0.314995711018285| NaN| 0.298663198052195| 0.299300754482287| 0.280672345798345| 0.238544707868802| 0.263085407815257| 0.243128200509879,NaN,NaN,0.0229940806480273,0.000197999196785495,0.0702220008032145,0.0148065811252611,0.0232989240332037,0.0471210759667963,0.0050371960626519,0.559630128118958,0.936306603373866
WDR1_MOUSE,SIQcLTVHR,3,-0.844986565347915,0.290135808796008,12,0.05623,0.0163700545081473,60192831.4285714,371.86597,0.0757623198478996,3,2,5,1| 2| 3| 6| 7| 9| 13| 16| 21| 24,0.0465506886501717,,0.530307030875139| 0.492281226207732| 0.487851979848289| 0.484574689249482| 0.426640684482951| 0.411277147397589| 0.390540493931584| 0.377607817626101| 0.376375623653314| 0.325743047605828| 0.348481519277874| 0.470372732792717,0.530307030875139,0.249602649401972,0.0526330259475795,0.0190463244481628,0.0934136755518372,0.0168941055344229,0.0303980380949887,0.0820619619050113,0.0117365452475526,0.380208616707173,0.731053331333301
WDR1_MOUSE,NIDNPAIADIYTEHAHQVVVAK,4,0.617949557681609,0.716715428791053,12,0.03928,0.00737745160764205,34992824.75,605.31573,0.0352148020834974,1,4,1,0| 1| 2| 3| 9| 13,0.0317479962148769,-0.0282868934468391|,0.281092775707292| 0.250441132478877| 0.212549866628561| 0.217467958283293| 0.205431076522223| 0.183474276678133| 0.179065921678095| 0.135700573443631| 0.15007006099355| 0.181056569897058| 0.125369007880627| 0.130635576266098,0.24454,0.0293683797065264,0.0247148754592907,0.0223203156894495,0.0562396843105505,0.00770549689670954,0.0273771506081367,0.0511828493918633,0.0054079644037918,0.81257523348462,0.888079242708539
WDR1_MOUSE,YTNLTLR,2,0.636336183107953,0.849503292750067,12,0.08548,0.0143820143735528,150611925,440.74799,0.0250785584460321,6,0,1,2| 3| 7| 13| 21| 24| 31,0.0726203378814863,0.0221890795242303|0.0425597952619663|0.0409783722527675|0.0274182426912432|,0.577517488550396| 0.560434042742863| 0.553695268306824| 0.539406156398927| 0.510060832231173| 0.501156188720114| 0.490204244496235| 0.477425056825027| 0.452427173934681| 0.476684666652598| 0.483995499457525| 0.418092233538494,0.577517488550396,0.415318168547804,0.0175062014451605,0.0386760629916578,0.132283937008342,0.0212649943694537,0.0528082995329311,0.118151700467069,0.0148441257484144,0.93237139498869,0.945522985274006
WDR1_MOUSE,SYIYSGSHDGHINYWDSETGENDSFSGK,3,0.899529833372526,0.899630477136484,3,0.13946,0.0066461549801377,2659259,1051.44287,0.00262613127978929,0,0,1,2,NaN,-0.000294932450744655|,NaN| 0.154239410261941| 0.126768906729023| 0.114638614911083| NaN| NaN| NaN| NaN| NaN| NaN| NaN| NaN,NaN,NaN,0.00262420503020312,0.0694141540391196,0.20950584596088,0.0162796884527946,0.0694655321948247,0.209454467805175,0.0162677474110857,0.983683261902089,0.983869424997607
WDR1_MOUSE,VYSILASTLK,2,0.902384575163791,0.956725553448973,12,0.07565,0.00731805519259526,29527595,547.82642,0.0215351963798858,0,3,0,1| 13| 31,0.0867401552329607,-0.00124401330775305|,0.523596156592202| 0.50338551219728| 0.492290552452369| 0.480192005905739| 0.434624182285611| 0.39303037207057| 0.372318814430185| 0.376142792799653| 0.332092677594598| 0.333415353148167| 0.334390470673886| 0.30051556956012,0.523596156592202,0.283846090657815,0.0154580435578241,0.0595464359440612,0.0917535640559388,0.00731652550760078,0.0640908022001872,0.0872091977998128,0.00525182905200066,0.954157913554279,0.981950625446346
WDR1_MOUSE,NIDNPAIADIYTEHAHQVVVAK,3,-0.643325384031317,-0.431785501107836,5,0.17368,0.0728377502399007,7174285,806.75189,0.0504373614889077,2,2,0,1| 2| 3| 6,NaN,,0.270460029622229| 0.210716019728103| 0.203239054200718| 0.12832394840627| 0.218766448911174| NaN| NaN| NaN| NaN| NaN| NaN| NaN,0.24454,0.0293683797065264,0.0351940417275454,0,0.592875525679718,0.150982825090223,0,0.465299088450348,0.10503326282664,0.293741456629572,0.475030040507075
WDR1_MOUSE,SVADGYSENNVFYGHHAK,4,0.817328298588708,0.923899517275723,12,0.08437,0.0168779941537134,7813620,499.48022,0.0466007144711765,2,4,2,0| 1| 2| 3| 7| 21| 24| 31,0.104200553351738,,0.327298960203257| 0.311067231742369| 0.255059564695244| 0.280933139096152| 0.221835469310713| 0.176945626223435| 0.195312560938432| 0.0826466040937736| 0.10565963842135| 0.123298434160385| 0.0775855758946919| 0.0682818095607288,0.327298960203257,0.0629540356556792,0.0248682372994433,0.0455699552330801,0.12317004476692,0.0176284899570744,0.0636645509217549,0.105075449078245,0.00940735515449088,0.949871531970875,0.96746350806327

