proteinName,peptideSeq,charge,old_Rsquared,new_Rsquared,NDP,rateconstant,sigma,Abundance,MassToCharge,RMSE,selected_A1A0_count, selected_A2A0_count, selected_A2A1_count,improved_timePoints,new_k,I0_percentatediffI0_percentatediff,selected_io_t,i0,I0_asymptote,new_rmse,lowerci_old,upperci_old,sigma_old,lowerci_new,upperci_new,sigma_new,old_pearson,new_pearson
RL8_MOUSE,AVVGVVAGGGR,2,0.989249705342551,0.99846232846704,12,0.09218,0.00318128286319532,174074633.333333,471.28,0.0116454790924165,3,4,2,1| 2| 3| 6| 9| 16| 21| 24| 31,0.0918332824236499,-0.0296285974012418|0.0104758458512391|-0.0115409486403226|0.00398695627374492|-0.0344047542606143|0.0314680299039527|0.0126692031341411|,0.589905617537158| 0.557018869562452| 0.527360302501001| 0.498818663228707| 0.439748559727202| 0.4154214160115| 0.382413163225316| 0.32443023266637| 0.299280679551072| 0.274789479842547| 0.267115904541965| 0.248606504015799,0.589905617537158,0.219396604509661,0.00454053824720154,0.0850196098063628,0.0993403901936372,0.00325326600460232,0.0893881848002056,0.0949718151997944,0.00126843890277014,0.99570429616766,0.999327108108455
RL8_MOUSE,ASGNYATVISHNPETK,2,0.826194165139096,0.923400147182015,4,0.07983,0.0105689811568097,27168685,844.91553,0.01399584641359,1,0,1,0| 1,NaN,,0.411026575070938| 0.354591924876419| NaN| 0.323268454212127| 0.263451087865648| NaN| NaN| NaN| NaN| NaN| NaN| NaN,0.411026575070938,0.095448344657156,0.00852405107141517,0.0125595699398226,0.147100430060177,0.0211379623136193,0.0388595174379575,0.120800482562042,0.0128738959390112,0.933334732264936,0.981027228708851
RL8_MOUSE,ASGNYATVISHNPETK,3,0.949514940453458,0.981921977826472,8,0.09262,0.00560066134582358,71597028.75,563.61279,0.0154330670357675,3,1,2,2| 3| 6| 7| 9| 16,NaN,-0.01114096811373|,0.40931624044417| NaN| 0.355203375538182| 0.32295604202668| 0.269158808657975| 0.261914882174092| 0.212262268247065| 0.181077687452253| 0.145803392293383| NaN| NaN| NaN,0.40931624044417,0.0950511717762863,0.00920170834760818,0.0761083992112984,0.109131600788702,0.00698275879633221,0.0827752339235197,0.10246476607648,0.00416335325678505,0.995291147171398,0.997265422266771
RL8_MOUSE,TELFIAAEGIHTGQFVYcGK,3,0.449321884329964,0.735104103252505,9,0.06144,0.0294786952129052,19316286.8888889,747.70514,0.0774078247842987,2,2,3,0| 1| 2| 7| 9| 21| 24,NaN,,0.369299939855196| 0.284265397211473| 0.222754641386566| 0.22860173286431| NaN| 0.236309106162174| 0.147556315900695| 0.134533503914743| NaN| 0.120941978132811| 0.0950826373988655| NaN,0.26068,0.0501402693260348,0.0371555427053753,0,0.160158279914324,0.0428092380282811,0.0214774940811117,0.101402505918888,0.0173297633383911,0.824995205561163,0.912660502495021

