Protein,Peptied,charge,time,ionscore,corr_theo,corr_best_exp
YPT7_YEAST,NAINVDTAFEEIAR,2,23,47.5,0.963250265820846,-1000
YPT7_YEAST,NAINVDTAFEEIAR,2,26,32.14,0.973826205313019,-1000

