Protein,Peptied,charge,time,ionscore,corr_theo,corr_best_exp
UBAP2_HUMAN,LAQVIFDK,2,0,22.05,0.993145731091787,-1000
UBAP2_HUMAN,LAQVIFDK,2,5,19.74,0.989473100498044,-1000
UBAP2_HUMAN,LAQVIFDK,2,6,32.43,0.99718032175934,-1000
UBAP2_HUMAN,LAQVIFDK,2,8,24.18,0.978047296133097,-1000
UBAP2_HUMAN,LAQVIFDK,2,14,27.17,0.992654645328405,-1000
UBAP2_HUMAN,LAQVIFDK,2,15,23.21,0.997228735517076,-1000
UBAP2_HUMAN,LAQVIFDK,2,16,25.03,0.947700654400381,-1000
UBAP2_HUMAN,LAQVIFDK,2,20,22.25,0.990803864688923,-1000
UBAP2_HUMAN,LAQVIFDK,2,23,22.5,0.983960739969947,-1000
UBAP2_HUMAN,LAQVIFDK,2,28,22.89,0.906306766508119,-1000
UBAP2_HUMAN,LAQVIFDK,2,1,0,0.985516639908884,0.984341661143927
UBAP2_HUMAN,LAQVIFDK,2,4,0,0.739205104097341,0.767483115039187
UBAP2_HUMAN,LAQVIFDK,2,7,0,0.804040929636436,0.803697976627763
UBAP2_HUMAN,LAQVIFDK,2,10,0,0.491891034016974,0.494461674670005
UBAP2_HUMAN,LAQVIFDK,2,12,0,0.560714724586107,0.564184194012874
UBAP2_HUMAN,LAQVIFDK,2,13,0,0.809316833906851,0.804115854293846
UBAP2_HUMAN,LAQVIFDK,2,21,0,0.646072261905061,0.665249826729475
UBAP2_HUMAN,LAQVIFDK,2,25,0,0.512077570377117,0.522962567855693
UBAP2_HUMAN,LAQVIFDK,2,29,0,0.417685806546862,0.422480206350524
UBAP2_HUMAN,LAQVIFDK,2,32,0,0.487931788821454,0.492915318933772
UBAP2_HUMAN,LAQVIFDK,2,33,0,0.608367451180863,0.620007530561515
UBAP2_HUMAN,LAQVIFDK,2,34,0,0.770169973035746,0.810341489373449
UBAP2_HUMAN,LAQVIFDK,2,35,0,0.413742880016082,0.423853912647133
UBAP2_HUMAN,LAQVIFDK,2,38,0,0.659113844747429,0.667395132271541
UBAP2_HUMAN,SQPEPSPVLSQLSQR,2,0,73.21,0.994552326413611,-1000
UBAP2_HUMAN,SQPEPSPVLSQLSQR,2,1,48.41,0.992472032473544,-1000
UBAP2_HUMAN,SQPEPSPVLSQLSQR,2,3,33.84,0.999292604322022,-1000
UBAP2_HUMAN,SQPEPSPVLSQLSQR,2,4,50.93,0.989092072640476,-1000
UBAP2_HUMAN,SQPEPSPVLSQLSQR,2,5,29.27,0.997171319175604,-1000
UBAP2_HUMAN,SQPEPSPVLSQLSQR,2,6,25.89,0.980910911836672,-1000
UBAP2_HUMAN,SQPEPSPVLSQLSQR,2,7,30.77,0.997992361659298,-1000
UBAP2_HUMAN,SQPEPSPVLSQLSQR,2,8,28.56,0.987824693714074,-1000
UBAP2_HUMAN,SQPEPSPVLSQLSQR,2,8,34.51,0.995545557235207,-1000
UBAP2_HUMAN,SQPEPSPVLSQLSQR,2,10,39.27,0.986637596486131,-1000
UBAP2_HUMAN,SQPEPSPVLSQLSQR,2,11,34.26,0.98839283767804,-1000
UBAP2_HUMAN,SQPEPSPVLSQLSQR,2,12,28.17,0.982120761688899,-1000
UBAP2_HUMAN,SQPEPSPVLSQLSQR,2,13,33.65,0.989662999173232,-1000
UBAP2_HUMAN,SQPEPSPVLSQLSQR,2,14,26.01,0.992922215991151,-1000
UBAP2_HUMAN,SQPEPSPVLSQLSQR,2,16,21.54,0.986436143247226,-1000
UBAP2_HUMAN,SQPEPSPVLSQLSQR,2,18,19.65,0.994852146168289,-1000
UBAP2_HUMAN,SQPEPSPVLSQLSQR,2,20,33.82,0.994274007886208,-1000
UBAP2_HUMAN,SQPEPSPVLSQLSQR,2,21,24.64,0.983268401552685,-1000
UBAP2_HUMAN,SQPEPSPVLSQLSQR,2,23,25.79,0.985626252691076,-1000
UBAP2_HUMAN,SQPEPSPVLSQLSQR,2,24,23.73,0.986051573961589,-1000
UBAP2_HUMAN,SQPEPSPVLSQLSQR,2,25,20.84,0.991540781519852,-1000
UBAP2_HUMAN,SQPEPSPVLSQLSQR,2,27,35.56,0.981630091143984,-1000
UBAP2_HUMAN,SQPEPSPVLSQLSQR,2,28,45.52,0.992816164345112,-1000
UBAP2_HUMAN,SQPEPSPVLSQLSQR,2,29,26.34,0.995075568719001,-1000
UBAP2_HUMAN,SQPEPSPVLSQLSQR,2,30,27.04,0.998794914947812,-1000
UBAP2_HUMAN,SQPEPSPVLSQLSQR,2,31,34.48,0.990028549191961,-1000
UBAP2_HUMAN,SQPEPSPVLSQLSQR,2,32,21.5,0.991229658003561,-1000
UBAP2_HUMAN,SQPEPSPVLSQLSQR,2,33,34.63,0.994181111109475,-1000
UBAP2_HUMAN,SQPEPSPVLSQLSQR,2,34,34.64,0.995441990673508,-1000
UBAP2_HUMAN,SQPEPSPVLSQLSQR,2,35,29.06,0.99411949244018,-1000
UBAP2_HUMAN,SQPEPSPVLSQLSQR,2,36,33.33,0.997157084428852,-1000
UBAP2_HUMAN,SQPEPSPVLSQLSQR,2,37,21.62,0.995953708215484,-1000
UBAP2_HUMAN,SQPEPSPVLSQLSQR,2,38,29.92,0.9916106521455,-1000
UBAP2_HUMAN,LLQLPSTTIENISVSVHQPQPK,3,0,21.99,0.990941972089978,-1000
UBAP2_HUMAN,LLQLPSTTIENISVSVHQPQPK,3,1,24.97,0.988297531126893,-1000
UBAP2_HUMAN,LLQLPSTTIENISVSVHQPQPK,3,3,20.9,0.997632975328975,-1000
UBAP2_HUMAN,LLQLPSTTIENISVSVHQPQPK,3,4,25.32,0.9989541178948,-1000
UBAP2_HUMAN,LLQLPSTTIENISVSVHQPQPK,3,5,20.18,0.99594224659317,-1000
UBAP2_HUMAN,LLQLPSTTIENISVSVHQPQPK,3,7,29.82,0.985705475711089,-1000
UBAP2_HUMAN,LLQLPSTTIENISVSVHQPQPK,3,8,27.96,0.991933134440264,-1000
UBAP2_HUMAN,LLQLPSTTIENISVSVHQPQPK,3,11,18.38,0.985282561797175,-1000
UBAP2_HUMAN,LLQLPSTTIENISVSVHQPQPK,3,13,18.7,0.982446188830428,-1000
UBAP2_HUMAN,LLQLPSTTIENISVSVHQPQPK,3,15,21.01,0.988214318996126,-1000
UBAP2_HUMAN,LLQLPSTTIENISVSVHQPQPK,3,18,22.73,0.989574805935984,-1000
UBAP2_HUMAN,IPYQSPVSSSESAPGTIMNGHGGGR,3,0,18.14,0.952942520358597,-1000
UBAP2_HUMAN,IPYQSPVSSSESAPGTIMNGHGGGR,3,1,33.17,0.861323665434167,-1000
UBAP2_HUMAN,IPYQSPVSSSESAPGTIMNGHGGGR,3,3,23.28,0.973184916785416,-1000
UBAP2_HUMAN,IPYQSPVSSSESAPGTIMNGHGGGR,3,5,29.15,0.977103350039601,-1000
UBAP2_HUMAN,IPYQSPVSSSESAPGTIMNGHGGGR,3,6,33.99,0.99545873530587,-1000
UBAP2_HUMAN,IPYQSPVSSSESAPGTIMNGHGGGR,3,7,32.45,0.98308807800112,-1000
UBAP2_HUMAN,IPYQSPVSSSESAPGTIMNGHGGGR,3,8,18.85,0.946833481081578,-1000
UBAP2_HUMAN,IPYQSPVSSSESAPGTIMNGHGGGR,3,10,23.44,0.954291730998805,-1000
UBAP2_HUMAN,IPYQSPVSSSESAPGTIMNGHGGGR,3,11,17.37,0.941371075094315,-1000
UBAP2_HUMAN,IPYQSPVSSSESAPGTIMNGHGGGR,3,12,20.73,0.907529131109832,-1000
UBAP2_HUMAN,IPYQSPVSSSESAPGTIMNGHGGGR,3,13,44.37,0.96133685142387,-1000
UBAP2_HUMAN,IPYQSPVSSSESAPGTIMNGHGGGR,3,14,33.57,0.934669594461801,-1000
UBAP2_HUMAN,IPYQSPVSSSESAPGTIMNGHGGGR,3,15,21.47,0.972074790516879,-1000
UBAP2_HUMAN,IPYQSPVSSSESAPGTIMNGHGGGR,3,16,26.93,0.968405055015223,-1000
UBAP2_HUMAN,IPYQSPVSSSESAPGTIMNGHGGGR,3,20,41.1,0.972633249747279,-1000
UBAP2_HUMAN,IPYQSPVSSSESAPGTIMNGHGGGR,3,21,29.42,0.985166526487254,-1000
UBAP2_HUMAN,IPYQSPVSSSESAPGTIMNGHGGGR,3,22,24.42,0.974058282190907,-1000
UBAP2_HUMAN,IPYQSPVSSSESAPGTIMNGHGGGR,3,24,33.35,0.966878527337252,-1000
UBAP2_HUMAN,IPYQSPVSSSESAPGTIMNGHGGGR,3,25,29.32,0.960503125087375,-1000
UBAP2_HUMAN,IPYQSPVSSSESAPGTIMNGHGGGR,3,27,30.44,0.93728432527456,-1000
UBAP2_HUMAN,IPYQSPVSSSESAPGTIMNGHGGGR,3,28,40.53,0.985416925616448,-1000
UBAP2_HUMAN,IPYQSPVSSSESAPGTIMNGHGGGR,3,29,30.91,0.993357133360897,-1000
UBAP2_HUMAN,IPYQSPVSSSESAPGTIMNGHGGGR,3,30,20.01,0.97388950641742,-1000
UBAP2_HUMAN,IPYQSPVSSSESAPGTIMNGHGGGR,3,31,28.81,0.946875257404254,-1000
UBAP2_HUMAN,IPYQSPVSSSESAPGTIMNGHGGGR,3,32,21.85,0.969122807671513,-1000
UBAP2_HUMAN,IPYQSPVSSSESAPGTIMNGHGGGR,3,33,19,0.987848904390036,-1000
UBAP2_HUMAN,IPYQSPVSSSESAPGTIMNGHGGGR,3,35,22.02,0.957631572525022,-1000
UBAP2_HUMAN,IPYQSPVSSSESAPGTIMNGHGGGR,3,36,24.92,0.936034396512217,-1000
UBAP2_HUMAN,IPYQSPVSSSESAPGTIMNGHGGGR,3,4,0,0.971609334795072,0.982406368970507
UBAP2_HUMAN,IPYQSPVSSSESAPGTIMNGHGGGR,3,8,0,0.839598109010313,0.880362626263273
UBAP2_HUMAN,FSTQGMGTFNPADYSDSTSTDVcGTK,3,0,38.48,0.769170817420589,-1000
UBAP2_HUMAN,FSTQGMGTFNPADYSDSTSTDVcGTK,3,3,30.9,0.967317757951886,-1000
UBAP2_HUMAN,FSTQGMGTFNPADYSDSTSTDVcGTK,3,4,20.45,0.947750317191692,-1000
UBAP2_HUMAN,FSTQGMGTFNPADYSDSTSTDVcGTK,3,5,45.97,0.903278911978436,-1000
UBAP2_HUMAN,FSTQGMGTFNPADYSDSTSTDVcGTK,3,11,32.03,0.913342314207609,-1000
UBAP2_HUMAN,FSTQGMGTFNPADYSDSTSTDVcGTK,3,14,31.23,0.755399309054774,-1000
UBAP2_HUMAN,FSTQGMGTFNPADYSDSTSTDVcGTK,3,15,31.47,0.888832540108924,-1000
UBAP2_HUMAN,FSTQGMGTFNPADYSDSTSTDVcGTK,3,20,36.4,0.910342364529379,-1000
UBAP2_HUMAN,FSTQGMGTFNPADYSDSTSTDVcGTK,3,22,47.21,0.901196588359034,-1000
UBAP2_HUMAN,FSTQGMGTFNPADYSDSTSTDVcGTK,3,24,27.54,0.898445109058319,-1000
UBAP2_HUMAN,FSTQGMGTFNPADYSDSTSTDVcGTK,3,25,77.28,0.954435861872673,-1000
UBAP2_HUMAN,FSTQGMGTFNPADYSDSTSTDVcGTK,3,32,44.81,0.894500166906312,-1000
UBAP2_HUMAN,FSTQGMGTFNPADYSDSTSTDVcGTK,3,35,21.44,0.918733365545132,-1000
UBAP2_HUMAN,FSTQGMGTFNPADYSDSTSTDVcGTK,3,36,40.85,0.868311672865164,-1000
UBAP2_HUMAN,FSTQGMGTFNPADYSDSTSTDVcGTK,3,38,26.72,0.836815379300056,-1000
UBAP2_HUMAN,FSTQGMGTFNPADYSDSTSTDVcGTK,3,7,0,0.821246991650622,0.704901407922541
UBAP2_HUMAN,FSTQGMGTFNPADYSDSTSTDVcGTK,3,8,0,0.876556384424481,0.958217004808156
UBAP2_HUMAN,LPVDYYGIPFAAPTALASR,2,1,32.19,0.99563902076719,-1000
UBAP2_HUMAN,LPVDYYGIPFAAPTALASR,2,8,20.84,0.992981501236795,-1000
UBAP2_HUMAN,LPVDYYGIPFAAPTALASR,2,10,20.7,0.997752845842697,-1000
UBAP2_HUMAN,LPVDYYGIPFAAPTALASR,2,13,16.87,0.980765749855836,-1000
UBAP2_HUMAN,LPVDYYGIPFAAPTALASR,2,15,21.82,0.997554289269983,-1000
UBAP2_HUMAN,LPVDYYGIPFAAPTALASR,2,16,16.05,0.996932455653865,-1000
UBAP2_HUMAN,LPVDYYGIPFAAPTALASR,2,20,28.94,0.988666248758186,-1000
UBAP2_HUMAN,LPVDYYGIPFAAPTALASR,2,21,16.2,0.988596893246773,-1000
UBAP2_HUMAN,LPVDYYGIPFAAPTALASR,2,22,23.64,0.998865090987804,-1000
UBAP2_HUMAN,LPVDYYGIPFAAPTALASR,2,23,16.34,0.996364738598327,-1000
UBAP2_HUMAN,LPVDYYGIPFAAPTALASR,2,27,26.63,0.997192075672451,-1000
UBAP2_HUMAN,LPVDYYGIPFAAPTALASR,2,28,24.01,0.982134534368253,-1000
UBAP2_HUMAN,LPVDYYGIPFAAPTALASR,2,29,26.77,0.998062631033073,-1000
UBAP2_HUMAN,LPVDYYGIPFAAPTALASR,2,33,43.09,0.997926475319336,-1000
UBAP2_HUMAN,LPVDYYGIPFAAPTALASR,2,34,22.76,0.98685869232364,-1000
UBAP2_HUMAN,LPVDYYGIPFAAPTALASR,2,35,21.13,0.995738874720602,-1000
UBAP2_HUMAN,LPVDYYGIPFAAPTALASR,2,38,16.74,0.98637233628426,-1000
UBAP2_HUMAN,LPVDYYGIPFAAPTALASR,2,0,0,0.996049476176259,0.99579195490876
UBAP2_HUMAN,LPVDYYGIPFAAPTALASR,2,3,0,0.995107526316756,0.996488569752272
UBAP2_HUMAN,LPVDYYGIPFAAPTALASR,2,4,0,0.992935786874361,0.995777660121343
UBAP2_HUMAN,AINILLEGNSDTTSWETVGcK,3,6,66.96,0.949320343936248,-1000
UBAP2_HUMAN,AINILLEGNSDTTSWETVGcK,3,8,34.77,0.946362690715425,-1000
UBAP2_HUMAN,AINILLEGNSDTTSWETVGcK,3,8,38.44,0.928182323054424,-1000
UBAP2_HUMAN,AINILLEGNSDTTSWETVGcK,3,10,42.66,0.907586691988155,-1000
UBAP2_HUMAN,AINILLEGNSDTTSWETVGcK,3,14,40.5,0.891200890399335,-1000
UBAP2_HUMAN,AINILLEGNSDTTSWETVGcK,3,16,45.38,0.862614589144035,-1000
UBAP2_HUMAN,AINILLEGNSDTTSWETVGcK,3,18,43.24,0.671336511898344,-1000
UBAP2_HUMAN,AINILLEGNSDTTSWETVGcK,3,20,31.37,0.959051260367777,-1000
UBAP2_HUMAN,AINILLEGNSDTTSWETVGcK,3,21,48.35,0.825613136249184,-1000
UBAP2_HUMAN,AINILLEGNSDTTSWETVGcK,3,23,25.58,0.952441549606368,-1000
UBAP2_HUMAN,AINILLEGNSDTTSWETVGcK,3,25,33.69,0.935875829928749,-1000
UBAP2_HUMAN,AINILLEGNSDTTSWETVGcK,3,27,37.63,0.657568812458857,-1000
UBAP2_HUMAN,AINILLEGNSDTTSWETVGcK,3,28,36.92,0.956756156562684,-1000
UBAP2_HUMAN,AINILLEGNSDTTSWETVGcK,3,30,38.12,0.924536707751749,-1000
UBAP2_HUMAN,AINILLEGNSDTTSWETVGcK,3,33,32.95,0.943764308018911,-1000
UBAP2_HUMAN,AINILLEGNSDTTSWETVGcK,3,35,16.74,0.916567703488845,-1000
UBAP2_HUMAN,AINILLEGNSDTTSWETVGcK,3,36,24.65,0.569634212451598,-1000
UBAP2_HUMAN,AINILLEGNSDTTSWETVGcK,3,37,52.49,0.813797937749621,-1000
UBAP2_HUMAN,AINILLEGNSDTTSWETVGcK,3,0,0,0.992629515812496,0.951212594054611
UBAP2_HUMAN,AINILLEGNSDTTSWETVGcK,3,1,0,0.947258075535769,0.884144974165262
UBAP2_HUMAN,AINILLEGNSDTTSWETVGcK,3,3,0,0.934708520447455,0.931825176682252
UBAP2_HUMAN,AINILLEGNSDTTSWETVGcK,3,5,0,0.956064639840736,0.972832847749061
UBAP2_HUMAN,AINILLEGNSDTTSWETVGcK,3,11,0,0.924446240976175,0.857975371053956
UBAP2_HUMAN,AINILLEGNSDTTSWETVGcK,3,15,0,0.911215799355724,0.953435549793525

