proteinName,peptideSeq,charge,old_Rsquared,new_Rsquared,NDP,rateconstant,sigma,Abundance,MassToCharge,RMSE,selected_A1A0_count, selected_A2A0_count, selected_A2A1_count,improved_timePoints,new_k,I0_percentatediffI0_percentatediff,selected_io_t,i0,I0_asymptote,new_rmse,lowerci_old,upperci_old,sigma_old,lowerci_new,upperci_new,sigma_new,old_pearson,new_pearson
RL9_MOUSE,TGVAcSVSQAQK,2,0.88360908496228,0.974541860967775,12,0.02824,0.00272856498999254,7123311,618.30609,0.0271433771634282,7,1,1,2| 3| 6| 7| 9| 13| 16| 24| 31,0.0288471417021897,0.00607992051572529|-0.00743184616149181|0.0218162708186339|,0.512947890628482| 0.502409159031145| 0.501300655789837| 0.505690485113136| 0.453482066110146| 0.445782303900184| 0.445154579985584| 0.384324060872074| 0.360863656923434| 0.346546705515346| 0.337956760613944| 0.308418466588503,0.512947890628482,0.150746133806965,0.0113570799031731,0.0220497522771991,0.0344302477228009,0.00281248953367794,0.025649934011343,0.030830065988657,0.00117677576259211,0.948174588577165,0.987990964211186
RL9_MOUSE,TILSNQTVDIPENVEITLK,2,0.541301991898544,0.926011381213486,12,0.05226,0.01242654377817,3376947.14285714,1064.08081,0.0447326661084453,4,4,1,2| 3| 6| 7| 9| 13| 16| 21| 31,0.0580938864168089,,0.274366697421168| 0.267893587232038| 0.25113671499173| 0.258837985768847| 0.238563725676124| 0.214865408076902| 0.205297459335266| 0.185830484947901| 0.139257794435509| 0.132602331270674| 0.098878954744841| 0.0666553627557505,0.274366697421168,0.0700067100548145,0.018252148828132,0.0217042146424353,0.0828157853575647,0.0138827766447732,0.039792405500833,0.064727594499167,0.00566455182559033,0.828815146819415,0.980832345065106
RL9_MOUSE,SVYAHFPINVVIQENGSLVEIR,3,0.310238782502141,0.362860145772865,11,0.02172,0.0102967006350615,2828582.875,828.77966,0.0550873046130475,2,6,1,0| 2| 3| 6| 7| 13| 16| 21| 24,NaN,,0.243860724023838| 0.254493750370274| 0.249204196127978| 0.199529420989108| 0.14388274294772| 0.154647012167855| 0.117971351043163| 0.138484479787209| 0.15931068699942| 0.14206121119652| 0.148854219572461| NaN,0.243860724023838,0.0337315733842497,0.036494423847499,0,0.0483893283009245,0.0119693295975728,0.00507031776731785,0.0383696822326822,0.00747246170166634,0.625893220629811,0.72983405967235
RL9_MOUSE,DFNHINVELSLLGK,3,0.975967771618613,0.992068663307313,12,0.07373,0.00353522845303457,16621790.2,533.62274,0.0109055720337534,2,4,1,1| 6| 7| 9| 16| 21| 24,0.0725112462382347,0.0330711790191125|-0.016007994121463|-0.0291818278842532|-0.0469916064121188|0.0217167498025028|,0.389428729989223| 0.371000670452532| 0.355413596052214| 0.338807535380708| 0.293066044108132| 0.286798215551797| 0.275994843942038| 0.239375564460054| 0.223651605547076| 0.202481748650479| 0.184511055599311| 0.186576571810613,0.389428729989223,0.144835611864237,0.00620755872401079,0.0655887197151182,0.0818712802848818,0.00369892557088306,0.0690959032923153,0.0783640967076847,0.00210546476846286,0.989697367557732,0.997300083022865

