proteinName,peptideSeq,charge,old_Rsquared,new_Rsquared,NDP,rateconstant,sigma,Abundance,MassToCharge,RMSE,selected_A1A0_count, selected_A2A0_count, selected_A2A1_count,improved_timePoints,new_k,I0_percentatediffI0_percentatediff,selected_io_t,i0,I0_asymptote,new_rmse,lowerci_old,upperci_old,sigma_old,lowerci_new,upperci_new,sigma_new,old_pearson,new_pearson
UN45B_MOUSE,AANNLIVLGR,2,0.483736128610807,0.873588478130946,11,0.21065,0.0517004828190658,5245412.5,520.81415,0.060024525424408,3,2,1,2| 7| 13| 21| 24| 31,NaN,,0.562076834120638| 0.43533658647877| 0.412309890920525| 0.389608984791653| 0.306799820764813| 0.307261765436994| NaN| 0.245576335578445| 0.218996632366454| 0.276997618043699| 0.278150232550909| 0.263303851803418,0.562076834120638,0.219128034611185,0.0333107852570906,0.0958143175550864,0.325485682444914,0.051538835820538,0.146921603469963,0.274378396530037,0.0286016270895877,0.879093245073767,0.966537484803558
UN45B_MOUSE,IAAVSNPDIAFPGER,2,0.698747372485269,0.753429406776711,11,0.01394,0.00241489778887053,16011688.5555556,778.90698,0.0300624935577033,4,4,0,1| 3| 6| 7| 16| 21| 24| 31,NaN,0.0387061254757071|-0.0103589000281852|0.025091823000143|-0.0171918312111432|-0.0608432059378204|,0.425729778046379| 0.417116062135374| 0.356941682463348| 0.411925951850201| 0.400575232487412| 0.417753594635754| NaN| 0.377049790772336| 0.351910367168813| 0.320421689810979| 0.303703374037559| 0.312132134742341,0.425729778046379,0.0818866262519505,0.0207676747619354,0.00814526807437061,0.0197347319256294,0.00260070503331843,0.00993690199573488,0.0179430980042651,0.00179661065639865,0.867465264982955,0.880058165579974
UN45B_MOUSE,DGLQNYEALLGLTNLSGR,3,0.0553068773396603,0.889166639638589,11,0.24465,0.0973303114525176,1923489.66666667,645.33746,0.0782388151426814,0,1,7,1| 2| 3| 6| 7| 21| 24| 31,NaN,,0.357912599651948| 0.235905241840911| 0.258618865759118| 0.183777513876957| 0.163632199562199| 0.131330399569972| NaN| 0.0918296498387491| 0.0760816544955756| 0.0612760254757235| 0.140546694546511| 0.0612760254757235,0.357912599651948,0.0756424717212214,0.028447238041821,0.0375866369406058,0.451713363059394,0.092931085930419,0.169362806962267,0.319937193037733,0.0337892734971312,0.608525173481847,0.951780747442088
UN45B_MOUSE,DGLQNYEALLGLTNLSGR,2,0.798413846689069,0.975656316112718,11,0.3023,0.0510638901162155,4454425.66666667,967.5025,0.0299381211092251,1,0,7,1| 2| 6| 7| 13| 16| 21| 31,NaN,,0.333840573591944| 0.256304513522139| 0.197986533468296| 0.184429378888625| 0.0989626356210694| 0.108905991558271| NaN| 0.100328792959956| 0.0612760254757235| 0.0917760102730599| 0.0755438983905852| 0.0612760254757235,0.333840573591944,0.0705550074847373,0.0126956341612332,0.178697145411857,0.425902854588143,0.0554735870762467,0.249884665804173,0.354715334195827,0.0235242674235267,0.963757085422835,0.988873703095945
UN45B_MOUSE,ALPDIENYMFENHDQLR,3,-0.619349042516511,0.150936998375868,8,0.34996,0.265361201169083,2961724.5,702.33008,0.0919704231061778,1,1,2,1| 3| 13| 31,NaN,,0.2630131733139| 0.244258780005371| 0.175958786874018| 0.120289662428748| NaN| NaN| NaN| 0.0578612635622324| NaN| 0.0879890554977355| 0.211414880256451| 0.108686652178857,0.2630131733139,0.0482615831420322,0.0534805646762886,0,1.18136483394061,0.351601246408793,0,0.852281016033483,0.212431643556357,0.410701112959346,0.772080625183095
UN45B_MOUSE,LGSAGGSDYGLR,2,-9.00951211537172,0.475624003437837,11,2.4767,4.48899505774576,6534451,576.78583,0.135924107410415,0,6,4,0| 1| 2| 3| 6| 7| 16| 21| 24| 31,NaN,,0.37869119512355| 0.213574221805221| 0.148067345319935| 0.152716240403267| 0.153583765467566| 0.153586838937462| NaN| 0.16196810059088| 0.185027378251854| 0.153587417985585| 0.175969846811029| 0.153587417985585,0.52478,0.169457183495439,0.0444899975382195,0.543974207919022,4.40942579208098,0.86741712300063,1.67023734610613,3.28316265389387,0.361944523074261,0.0413464631954878,0.972756585739149
UN45B_MOUSE,NQNFQETLR,2,0.244238585998439,0.725734048491302,11,0.0918,0.0191861661192644,193872350,575.28601,0.0559075337471141,2,1,5,0| 1| 2| 3| 7| 13| 16| 24,NaN,-0.0260468553980903|0.0243861737660339|,0.456642075223312| 0.436006647053756| 0.380382177860351| 0.444743412737918| 0.382116249870686| 0.381176095253272| NaN| 0.33385807978519| 0.287378937421727| 0.26764246842477| 0.248119048507832| 0.232914691862584,0.52418,0.20435379330691,0.0387581706003148,0.0449703324397197,0.13862966756028,0.0210173919511249,0.0593351044339161,0.124264895566084,0.0145704095355025,0.868992747632854,0.956894854752884

