proteinName,peptideSeq,charge,old_Rsquared,new_Rsquared,NDP,rateconstant,sigma,Abundance,MassToCharge,RMSE,selected_A1A0_count, selected_A2A0_count, selected_A2A1_count,improved_timePoints,new_k,I0_percentatediffI0_percentatediff,selected_io_t,i0,I0_asymptote,new_rmse,lowerci_old,upperci_old,sigma_old,lowerci_new,upperci_new,sigma_new,old_pearson,new_pearson
GPDM_MOUSE,YMEVVSLLK,2,0.551560138901096,0.638623554738877,3,0.01555,0.00839358921965753,2242258.33333333,541.3017,0.0303924179959749,0,2,0,0| 2,NaN,,0.553435266171355| NaN| 0.50977893587118| NaN| NaN| NaN| NaN| NaN| NaN| NaN| NaN| 0.365587777537938,0.50101,0.31282216898968,0.0241257833847329,0,0.113617621602599,0.0227923627032571,0,0.0943892719740565,0.0183234104460611,0.980362947304722,0.988498736038834
GPDM_MOUSE,GDVLAAWSGIR,2,0.56095337510056,0.875691815892023,7,0.02161,0.00506021960658836,10588311.7142857,572.80908,0.0433610234259481,0,3,3,1| 2| 9| 21| 24| 31,NaN,0.0495876224072565|,0.504411772526669| 0.563844981302629| 0.520161951899646| NaN| NaN| NaN| 0.453472886398856| NaN| NaN| 0.383901041559537| 0.3704395348109| 0.343314317459415,0.504411772526669,0.178968952829007,0.0210860578770011,0.00388647888308723,0.0393335211169128,0.00724322010601724,0.0129912183724466,0.0302287816275534,0.00352230981430065,0.911541622738614,0.970512195551266
GPDM_MOUSE,MNLAIALTAAR,2,0.714547120703968,0.859528785863541,12,0.01358,0.00206146848457825,15078155.4166667,572.82898,0.0276417084770392,2,1,2,2| 3| 7| 13| 16,0.0156634160871055,-0.0213355252653491|,0.530103565662791| 0.534700050385498| 0.518789784751896| 0.501711167478076| 0.501920167211488| 0.48407100027532| 0.473575658367641| 0.491098891242886| 0.452403256346694| 0.449418217525902| 0.381348913227415| 0.399043097655535,0.530103565662791,0.171176220888955,0.0174380938079851,0.0090244696958521,0.0181355303041479,0.00206976875151154,0.0107060906374569,0.0164539093625431,0.00130573772889889,0.901145026295189,0.942201454584934
GPDM_MOUSE,SMAEDTVDAAVK,2,0.0687159882830616,0.698737367843361,7,0.01469,0.0058937114221811,4579998.57142857,618.79248,0.053378147285435,3,4,0,0| 1| 2| 6| 9| 21| 31,NaN,,0.500280620530687| 0.561939658574772| 0.476787892497224| NaN| 0.46696470975923| NaN| 0.463469227369127| NaN| NaN| 0.404330068392307| NaN| 0.371402642029509,0.500280620530687,0.154113790182956,0.0241414571659522,0,0.0395168833205717,0.0101462107473502,0.00546593883269101,0.023914061167309,0.00376967448316067,0.862667238230141,0.911325028942268
GPDM_MOUSE,RGDVLAAWSGIR,3,0.794172112433578,0.789335757930104,8,0.03377,0.00699681116926154,2825132.625,434.24219,0.046540150782647,2,1,1,1| 2| 7| 31,NaN,,0.48182389609666| 0.553736531283834| 0.484387377167508| NaN| 0.350791048213199| 0.467159013616432| NaN| NaN| NaN| 0.276808566075402| 0.246532935387985| 0.29171484519105,0.48182389609666,0.14842810970652,0.0407436113933279,0.0126685676195045,0.0548714323804955,0.00892379936117027,0.0152967345228701,0.0522432654771299,0.00781234712843079,0.941789795921142,0.904784762973579
GPDM_MOUSE,AIMNLDVEQYR,2,-1.3373561613175,0.94677073380187,12,0.06812,0.0200465695856376,13685791.5833333,676.33734,0.0783059749065853,4,2,0,0| 1| 2| 3| 6| 9,0.0572321953045977,-0.0280584635449905|-0.0724742546974251|,0.442384251321761| 0.424861120668043| 0.434007467630417| 0.405475088693449| 0.341413696415382| 0.339598468026453| 0.320037316107135| 0.289256898869067| 0.268110216517312| 0.23977757808413| 0.253517241624881| 0.210123989818067,0.442384251321761,0.156961138734949,0.0179093581759348,0.0220358628530047,0.114204137146995,0.0209379590605235,0.0575800977846324,0.0786599022153676,0.00478872025711078,0.525842319545694,0.990704468111627
GPDM_MOUSE,MYDLVAGSQcLK,2,0.448903757950587,0.636803748303092,11,0.01974,0.00452269050407429,16307957.2727273,692.83362,0.0348738359494651,5,1,2,1| 3| 7| 9| 13| 16| 21| 24,NaN,0.0076610944811844|,0.464494920685632| 0.469890947684431| 0.430644845716604| 0.44925653735998| 0.390665182878306| 0.413315402935774| 0.377085192632739| 0.389326032209947| 0.338352552961488| 0.343070250638462| 0.331042968709169| NaN,0.464494920685632,0.189818314886416,0.0275672504890719,0.00946814628628897,0.030011853713711,0.00461005996439729,0.0116202518678099,0.0278597481321901,0.00364418408093506,0.934613385133157,0.944307897894878
GPDM_MOUSE,EYAcTAVDMISR,2,0.838903035314454,0.917146013848335,8,0.04174,0.0055243876839293,10267314.125,708.3183,0.0235190168404004,0,2,0,7| 31,NaN,,0.40454236986422| 0.424226159390614| 0.382757040666317| NaN| 0.375115108097561| 0.305521981283869| 0.299514951627944| NaN| NaN| NaN| 0.216383767652519| 0.22380459389832,0.40454236986422,0.130631141815162,0.0176189504578225,0.0232296564026294,0.0602503435973706,0.00782802747181939,0.0278732287394292,0.0556067712605708,0.00586425993673089,0.939214417311242,0.959001628237672
GPDM_MOUSE,LAFLNVQAAEEALPR,2,0.371106614221186,0.859392702284857,12,0.03609,0.00590194922304322,7530853.5,821.45154,0.0439503961399075,3,2,4,0| 6| 7| 9| 13| 16| 21| 24| 31,0.036345168742432,0.0246451990194595|,0.335967445952479| 0.316856771572472| 0.354895370289243| 0.33708757398005| 0.316068580684795| 0.312716229727937| 0.287254118573322| 0.25998492696824| 0.246390100263435| 0.210394181065646| 0.175410020154409| 0.191224536341866,0.37949,0.0633745115216516,0.0219069011739945,0.0225222802827976,0.0496577197172024,0.0061643849179015,0.0293272237543651,0.0428527762456349,0.00307261328805885,0.795486798429322,0.962141466020748
GPDM_MOUSE,LAFLNVQAAEEALPR,3,0.570320322109274,0.811303742056207,9,0.03224,0.00796060231721041,2462195.55555556,547.97015,0.0556693232933359,4,2,1,0| 1| 9| 13| 16| 21| 31,NaN,,0.35288124803564| 0.475853923658495| 0.386556480180941| NaN| NaN| 0.322133144841272| 0.3045791317465| 0.26246710982552| 0.223786712713949| 0.192500335310082| NaN| 0.162437275133734,0.35288124803564,0.0589308722743932,0.0353323267727638,0.00975713566193682,0.0547228643380632,0.00974970686119145,0.0179705269296266,0.0465094730703734,0.0061879650834468,0.785787885074485,0.933108685778523
GPDM_MOUSE,YGAATANYMEVVSLLK,2,0.917753984983276,0.958275790495474,11,0.02932,0.00241681912750334,11351357,865.44507,0.0153903997390454,2,4,0,1| 3| 9| 13| 21| 31,NaN,-0.0543351666300219|0.0290910744648928|,0.354733855536747| 0.346844408609105| 0.326544748073401| 0.339881976761096| 0.312576740289382| 0.316195844795632| 0.285958921505995| 0.299452313320604| NaN| 0.234298088741654| 0.231442765274108| 0.193813576036405,0.354733855536747,0.0994536408006394,0.0098822881810293,0.0235293276589556,0.0351106723410444,0.00259888307119855,0.0256017669582073,0.0330382330417927,0.00166876181865668,0.961606831613807,0.979143060455183
GPDM_MOUSE,NHVVDISDSGLITIAGGK,3,0.789282071559466,0.918427715574184,8,0.02316,0.00362278476546669,4706670,599.32312,0.0264540234104605,5,2,0,0| 2| 6| 7| 21| 24| 31,NaN,-0.000892635849585221|,0.375248337953853| NaN| 0.333848190350345| NaN| 0.320960708369979| 0.340632369837536| NaN| 0.268249952848613| NaN| 0.260822690017467| 0.251698727554714| 0.200244496487717,0.375248337953853,0.0957474133726977,0.0126212699032824,0.0119437863033958,0.0343762136966042,0.00474333868979542,0.0178087209842811,0.0285112790157189,0.00226305681059151,0.949417213478276,0.963599199745054
GPDM_MOUSE,LVQDYGLESEVAQHLAK,3,0.869646819594903,0.956023603221004,8,0.02627,0.00293365564030173,16755488.5,633.99854,0.0181009631856623,0,5,1,0| 1| 2| 7| 9| 24,NaN,0.0121574483470798|0.0191776455733077|-0.075631611181413|,0.3453065005553| 0.324998056851404| 0.324183065693435| NaN| NaN| 0.26534867997614| 0.272352245684979| NaN| 0.247954837395406| 0.206022737079269| 0.208931784364006| NaN,0.3453065005553,0.0604468856535329,0.00852112763824505,0.0171873437827368,0.0353526562172632,0.00384105686703337,0.0219942898000641,0.0305457101999359,0.00180819857451975,0.978970299088003,0.978543587969775
GPDM_MOUSE,cVINASGPFTDSVR,2,-6.92836876726392,0.669681766042834,2,0.02251,0.00341764112004545,3119952,761.86957,0.00976512396217997,1,0,0,13,NaN,,NaN| NaN| 0.39291881480394| NaN| NaN| NaN| NaN| 0.354395837253539| NaN| NaN| NaN| NaN,NaN,NaN,0.00451939708035593,0,0.279681877887966,0.0202398657372469,0,0.241815009027673,0.0172596785258126,1,1
GPDM_MOUSE,GFITIVDVQR,2,0.903162416763491,0.965654558543384,5,0.05905,0.00521586566184427,8135055.2,574.32715,0.0136055873949662,3,0,0,7| 9| 31,NaN,0.00163792993102828|0.00423273226217167|,NaN| 0.491884876773095| NaN| NaN| NaN| 0.449339418884924| 0.40987461513982| NaN| 0.360841132079478| NaN| NaN| 0.307525660388583,NaN,NaN,0.00774972982542239,0.0339671941910682,0.0841328058089318,0.00903414433176814,0.0447628573254635,0.0733371426745365,0.00514584014218876,0.967652044775821,0.989958838834474
GPDM_MOUSE,NYLSSDVEVR,2,-3735.52466072197,-0.31571067408477,2,0.00731,0.0267200949769908,7072464.5,591.29346,0.0173137596979291,2,0,0,1| 2,NaN,,NaN| 0.502804375278675| 0.51734930355649| NaN| NaN| NaN| NaN| NaN| NaN| NaN| NaN| NaN,NaN,NaN,0.00340554138427538,0,1.64056887465022,0.128540261122518,0,0.417689315614607,0.0322975525846623,1,-1
GPDM_MOUSE,FLYYEMGYK,2,0.59382163894378,0.796427595867873,8,0.01475,0.00451286061072938,20455257.5,607.28351,0.023888837990942,1,4,2,1| 2| 7| 9| 21| 24| 31,NaN,0.0365967582334128|0.0347239666310928|0.054273847643158|-0.033194109235729|-0.029725380206083|,NaN| 0.449758634783804| 0.471856699852866| NaN| NaN| 0.433911570002252| 0.419244037269616| NaN| 0.408424320941242| 0.410208992990129| 0.384837116488656| 0.387280605054914,NaN,NaN,0.0103395649546447,0.000778093781495182,0.0287219062185048,0.00590872152841487,0.00870268066445042,0.0207973193355496,0.00255741238084155,0.934365084708634,0.930997129289124

