PeptideSeq,Charge,Abun,mz,NDP,t0,i0,m0,t1,i1,m1,t2,i2,m2,t3,i3,m3,t6,i6,m6,t7,i7,m7,t9,i9,m9,t13,i13,m13,t16,i16,m16,t21,i21,m21,t24,i24,m24,t31,i31,m31
IQSTVTQPGGK,2,9362197,558.3064,12,21.7879045,32.94,558.30743,21.849836,25.03,558.30743,21.708665,22.44,558.30811,21.332038,0,558.30743,21.804786,0,558.30743,21.6659605,22.37,558.80878,21.138957,20.78,558.30719,21.3862445,0,558.30743,20.915287,0,558.30743,21.153506,0,558.30743,21.3455125,0,558.30743,21.387872,0,558.30743
VQVVVPEAETR,2,11181788.8571429,613.84058,12,37.9940435,44.9,613.84119,38.125101,36.46,613.84161,37.7770195,30.72,613.84094,37.7669945,36.01,613.84076,37.9300115,35.82,613.84033,37.7680665,34.42,613.84119,37.4416905,20.13,613.84119,37.4695035,0,613.84119,37.3560905,0,613.84119,37.4508855,0,613.84119,37.4083915,0,613.84119,37.4338895,0,613.84119
LIPLLLQLTSR,2,703798,633.91083,11,75.845024,27.69,633.91187,4557.972168,0,633.91187,75.663322,0,633.91187,75.5407025,30.71,633.91199,75.6822625,18.41,633.91107,75.764717,0,633.91187,75.4910815,0,633.91187,75.496994,0,633.91187,75.4303435,0,633.91187,75.548847,0,633.91187,75.567955,0,633.91187,75.27351,0,633.91187
GQPLGPAGVQVSLR,2,15638251.4285714,689.89368,12,47.8778955,50.27,689.89136,47.8268315,40.58,689.89075,48.1517315,31.67,689.8952,48.1953485,39.16,690.3938,47.7719575,41.57,690.39618,48.167387,18.76,690.39679,47.9062845,21.11,690.39722,47.965065,0,689.89136,47.892378,0,689.89136,47.955027,0,689.89136,47.9413715,0,689.89136,47.848156,0,689.89136
EGYVLTAVEGTVGDFK,2,5231533,842.92505,12,69.1629445,58.97,842.92578,69.474098,0,842.92578,69.097389,26.02,842.92719,69.1073875,20.65,843.42657,69.1775745,31.38,843.42676,69.216156,0,842.92578,68.9150045,44.31,842.92517,68.8332445,32.44,843.42517,68.832821,26.45,843.4245,68.944744,0,842.92578,68.9490165,21.14,843.42578,68.725239,0,842.92578
DGENYVVLLDTTLPR,3,2192265.5,568.96497,12,72.358543,24.6,568.9657,72.5057565,21.39,568.96527,72.4573555,26.72,568.96405,72.373859,33.67,568.96698,72.478279,0,568.9657,72.5136835,0,568.9657,72.404266,0,568.9657,72.2837185,0,568.9657,72.338459,0,568.9657,72.267845,0,568.9657,72.463337,0,568.9657,72.3928945,0,568.9657
DGENYVVLLDTTLPR,2,4751262,852.94379,12,72.6781465,58.4,853.4472,72.5057565,51.41,852.94531,72.5851365,69.8,852.9447,72.540527,73.65,852.94568,72.1030045,26.29,853.94928,72.6807475,57.06,852.94366,72.379879,73.07,852.94641,71.967445,43.07,853.4491,72.256569,0,853.4472,72.5002705,32.17,853.44727,72.4375265,27.14,853.45074,72.3791505,19.65,853.45013
ALGQAASDSSGPEDMKR,3,5879342.5,573.93707,12,26.4548975,48.83,573.93768,26.631322,55.72,573.93781,26.297963,0,573.93768,26.2715145,0,573.93768,26.4827385,0,573.93768,26.4506615,0,573.93768,26.074694,0,573.93768,25.9778135,0,573.93768,25.8279695,0,573.93768,25.766614,0,573.93768,26.055974,0,573.93768,25.988734,0,573.93768
VLPGDYEILATHPTWALK,3,19251046,675.36658,12,63.3275435,18.15,675.37274,63.759544,0,675.37274,63.1070095,32.27,675.70374,62.828558,17.3,675.70471,63.58728,0,675.37274,63.570108,26.2,675.70282,63.4105855,0,675.37274,63.272434,0,675.37274,62.76017,0,675.37274,63.490738,0,675.37274,63.4973255,19.85,675.70441,63.452423,0,675.37274
AEDDQPLPGVLLSLSGGVFR,3,3327140,690.70038,12,82.7483255,26.43,690.7019,83.29599,0,690.7019,83.1132125,0,690.7019,82.7301485,40.2,690.70313,83.1232455,29.2,691.03528,83.1290435,0,690.7019,83.108166,0,690.7019,83.0989075,0,690.7019,82.579556,0,690.7019,83.100784,0,690.7019,83.174683,0,690.7019,83.119888,0,690.7019
FEQAFYTYDTSSPSILTLTAIR,3,29184182.8571429,842.09174,12,76.4784625,65.26,842.09247,76.9467965,0,842.09247,76.647663,36.49,842.42639,76.4052085,58.14,842.4278,76.4412615,0,842.09247,76.41053,56.33,842.42908,76.463009,37.9,842.76245,76.614803,0,842.09247,76.5169985,19.76,842.42664,76.3196795,0,842.09247,76.6735535,0,842.09247,76.1541365,24.46,842.76111
FEQAFYTYDTSSPSILTLTAIR,2,3604044.2,1262.63391,12,76.401138,41.64,1263.13757,76.546223,42.66,1263.14099,76.32243,32.84,1263.14087,76.212082,32.57,1263.13843,76.274204,0,1263.13757,76.32085,0,1263.13757,76.214588,30.38,1263.13684,76.212158,0,1263.13757,76.14156,0,1263.13757,76.6425555,0,1263.13757,76.2319645,0,1263.13757,76.5310245,0,1263.13757
GGDINFLFTGFSVNGK,2,12102259.6666667,836.9201,12,73.618755,0,836.92212,73.4130135,0,836.92212,73.0733145,36.15,836.92212,72.695904,35.96,837.42224,72.786522,22.17,837.422,72.913948,23.75,837.42365,72.7028195,22.97,837.42181,72.9964675,0,836.92212,72.5799065,17.93,837.42194,73.255501,0,836.92212,73.378151,0,836.92212,72.739403,0,836.92212
AEDDQPLPGVLLSLSGGVFR,2,2067226,1035.547,12,83.174187,0,1036.05908,83.2700995,0,1036.05908,83.0748445,23.12,1036.05908,83.117092,17.75,1035.55298,83.123169,16.48,1036.05457,83.1428835,0,1036.05908,83.11829,0,1036.05908,83.1247025,0,1036.05908,83.059971,0,1036.05908,83.0749625,0,1036.05908,83.1091655,0,1036.05908,83.055275,0,1036.05908
FLLFSSLVNK,2,11412313.5,584.34222,12,69.6589015,0,584.34369,70.2649995,0,584.34369,69.456352,0,584.34369,69.373539,0,584.34369,69.486702,0,584.34369,69.5434,0,584.34369,69.28735,0,584.34369,69.522194,23.83,584.34369,69.211086,0,584.34369,69.303635,0,584.34369,69.2844005,0,584.34369,68.999367,20.15,584.84503
IEPPLGWSFEPTNVELR,2,7165625,992.51233,11,71.8594245,0,992.51709,71.9776765,26.12,992.51709,71.3818095,33.28,992.52002,71.324543,0,992.51709,71.3931045,0,992.51709,71.647137,0,992.51709,71.2945445,0,992.51709,71.169933,0,992.51709,71.502449,0,992.51709,71.5689695,0,992.51709,71.3191795,0,992.51709,4276.288574,0,992.51709
VIEVGNNDVDDVNIIVFR,2,4072518.5,1015.53131,11,67.634712,0,1015.53577,67.90107,75.27,1015.53577,4059.581055,0,1015.53577,67.114189,0,1015.53577,67.494873,72.16,1015.53235,67.4800185,0,1015.53577,67.0470925,0,1015.53577,67.1410105,0,1015.53577,67.8459665,0,1015.53577,67.0742415,38.39,1016.03442,67.1427575,21.43,1016.54126,67.1621665,0,1015.53577
DcSIYGEDTVTDEEGKFR,3,2676066,707.64075,8,47.0712185,0,707.64209,47.051008,49.5,707.64209,46.92757,62.43,707.98346,2830.223389,0,707.64209,47.105793,0,707.64209,46.936485,0,707.64209,46.778053,0,707.64209,2806.919434,0,707.64209,2805.607178,0,707.64209,46.733276,0,707.64209,46.809986,0,707.64209,2804.015381,0,707.64209

