Protein,Peptide,charge,time,RSS,theta,min_rss_decoy,diff,abs_diff,perc_diff,abs_perc_diff,exp_RIA_decoy,theoRIA
PTN11_MOUSE,ESAAHDYTLR,3,3
PTN11_MOUSE,ESAAHDYTLR,3,6
PTN11_MOUSE,ESAAHDYTLR,3,7
PTN11_MOUSE,ESAAHDYTLR,3,9
PTN11_MOUSE,ESAAHDYTLR,3,13
PTN11_MOUSE,ESAAHDYTLR,3,16
PTN11_MOUSE,ESAAHDYTLR,3,21
PTN11_MOUSE,IQNTGDYYDLYGGEK,2,7
PTN11_MOUSE,IQNTGDYYDLYGGEK,2,9
PTN11_MOUSE,IQNTGDYYDLYGGEK,2,13
PTN11_MOUSE,IQNTGDYYDLYGGEK,2,21
PTN11_MOUSE,WFHPNITGVEAENLLLTR,3,1
PTN11_MOUSE,WFHPNITGVEAENLLLTR,3,2
PTN11_MOUSE,WFHPNITGVEAENLLLTR,3,7
PTN11_MOUSE,WFHPNITGVEAENLLLTR,3,9
PTN11_MOUSE,WFHPNITGVEAENLLLTR,3,16
PTN11_MOUSE,WFHPNITGVEAENLLLTR,3,21

