Protein,Peptide,charge,time,RSS,theta,min_rss_decoy,diff,abs_diff,perc_diff,abs_perc_diff,exp_RIA_decoy,theoRIA,min_kl,min_kl_decoy
GRSF1_MOUSE,YIELFLNScPK,2,0,0.00844046133068136,0,0.133452183329146,0.0504739090663147,0.0504739090663147,0.117457667937994,0.117457667937994,0.186949702099608,0.42972,0.0123162486196848,0.339837180495527
GRSF1_MOUSE,YIELFLNScPK,2,31,0.027320913285724,0.990000000000001,0.0394498210009602,0.0402310437452719,0.0402310437452719,0.17708826333699,0.17708826333699,0.379246090933685,0.22718074584488,0.0599845328612369,0.0821867233314933

