Protein,Peptide,charge,time,RSS,theta,min_rss_decoy,diff,abs_diff,perc_diff,abs_perc_diff,exp_RIA_decoy,theoRIA,min_kl,min_kl_decoy
DTD1_MOUSE,ASVTVGGEQISAIGR,2,0,0.00211711679832601,0,0.0893243796134493,0,0,0,0,0.197090638036177,0.430679948775403,0.00793307259526398,0.229383947505685
DTD1_MOUSE,ASVTVGGEQISAIGR,2,1,0.00412465154988475,0.13,0.0298402054790684,0.0489133440029216,0.0489133440029216,0.113603300368926,0.113603300368926,0.260127826545186,0.430562702351743,-0.029603959182937,0.0634347151147426
DTD1_MOUSE,ASVTVGGEQISAIGR,2,2,0.00325318898637111,0.18,0.0500600937592906,0.0495209850052301,0.0495209850052301,0.119149394643654,0.119149394643654,0.197090638036177,0.415620953453729,-0.00383438958319342,0.115922239827551
DTD1_MOUSE,ASVTVGGEQISAIGR,2,3,0.00742524078696462,0.24,0.00817251700724711,0.0705278894627474,0.0705278894627474,0.175733354526638,0.175733354526638,0.381649358348821,0.401334679194648,0.0193819006887293,-0.0501355976401505
DTD1_MOUSE,ASVTVGGEQISAIGR,2,13,0.0069928864377182,0.37,0.0111819379758473,-0.00553711638229998,0.00553711638229998,-0.0191741864573434,0.0191741864573434,0.3308067897319,0.288779729696399,-0.0221143554601884,0.0397714803804094
DTD1_MOUSE,ASVTVGGEQISAIGR,2,21,0.00744155403000756,0.45,0.0285312421002661,-0.0313003000126446,0.0313003000126446,-0.136785554111181,0.136785554111181,0.381649358348821,0.228827526532541,0.0560446566325467,-0.0534104151547238
DTD1_MOUSE,ASVTVGGEQISAIGR,2,24,0.00848454980194386,0.63,0.060205695150449,0.0142512092517049,0.0142512092517049,0.0674320274691857,0.0674320274691857,0.381649358348821,0.211341847287882,0.0501451794127628,-0.0284786342261317

