Protein,Peptide,charge,time,RSS,theta,min_rss_decoy,diff,abs_diff,perc_diff,abs_perc_diff,exp_RIA_decoy,theoRIA,min_kl,min_kl_decoy
SGT1_MOUSE,SLELNPNNcTALLR,2,0,0.00861806912994874,0,0.18190709651754,-0.0455258710188104,0.0455258710188104,-0.114037049794125,0.114037049794125,0.0894590740107276,0.39922,-0.0895811192701692,0.579110568850652
SGT1_MOUSE,SLELNPNNcTALLR,2,6,0.0125885203483384,0.990000000000001,0.180953381188854,0.0278790978093209,0.0278790978093209,0.237596149461717,0.237596149461717,0.44474587101881,0.117338171820048,0.0403759254650145,-0.165326376875191

