Protein,Peptide,charge,time,RSS,theta,min_rss_decoy,diff,abs_diff,perc_diff,abs_perc_diff,exp_RIA_decoy,theoRIA,min_kl,min_kl_decoy
IF5A1_MOUSE,VHLVGIDIFTGK,3,0,0.00155702726762654,0,0.127761318594464,-5.55111512312578E-17,5.55111512312578E-17,-1.13849723381854E-16,1.13849723381854E-16,0.170712373704059,0.487582662322969,0.0051933114766525,0.387961675931039
IF5A1_MOUSE,VHLVGIDIFTGK,3,1,0.000820205426841347,0.05,0.104544939053865,-0.0248389582004084,0.0248389582004084,-0.0592137049167421,0.0592137049167421,0.181924980801513,0.419479886207651,0.0196837689075708,0.308459435411004
IF5A1_MOUSE,VHLVGIDIFTGK,3,2,6.62932209889559E-05,0.14,0.0295849152500124,-0.0449727392044741,0.0449727392044741,-0.117295608622675,0.117295608622675,0.279475172507939,0.383413665119772,0.00184418411237177,0.0701815918525905
IF5A1_MOUSE,VHLVGIDIFTGK,3,3,0.000183587835872763,0.26,0.0611041539965849,-0.0167986390997957,0.0167986390997957,-0.0433712118212334,0.0433712118212334,0.21516140790545,0.387322336508282,0.000748830468222587,0.149861776430631
IF5A1_MOUSE,VHLVGIDIFTGK,3,6,0.00026566940954737,0.54,0.0388137248793549,0.00169542238271336,0.00169542238271336,0.00496066574989644,0.00496066574989644,0.18648761985418,0.341773154691738,0.00146543649806199,0.121409303655437
IF5A1_MOUSE,VHLVGIDIFTGK,3,7,0.000173640206594178,0.56,0.00762863989157477,-0.00666357625861536,0.00666357625861536,-0.0201842756223345,0.0201842756223345,0.414973570979574,0.330137002847994,0.00317604642021242,0.0252010547362526
IF5A1_MOUSE,VHLVGIDIFTGK,3,9,4.32122792345098E-05,0.65,0.00593955636213338,-0.0094436521980234,0.0094436521980234,-0.0303700122081522,0.0303700122081522,0.28037065771573,0.310953190709896,0.000547840283783111,0.0163741082286397
IF5A1_MOUSE,VHLVGIDIFTGK,3,13,5.54604792123713E-05,0.850000000000001,0.00506534885960268,0.00529692646046237,0.00529692646046237,0.0186005808843307,0.0186005808843307,0.336800579106609,0.284772098968401,0.00201266686548691,0.0201996746315479
IF5A1_MOUSE,VHLVGIDIFTGK,3,16,0.000115153698663105,0.960000000000001,0.0493821169496327,0.0148125810142446,0.0148125810142446,0.054381137105285,0.054381137105285,0.452616309139314,0.27238453998427,0.000949918750551518,0.0994545603818637
IF5A1_MOUSE,VHLVGIDIFTGK,3,21,0.000315918772442994,0.950000000000001,0.0213615323226355,0.00170760372370271,0.00170760372370271,0.00656816955516645,0.00656816955516645,0.169174518529125,0.259981675162379,0.00413019450750084,0.082183530861803
IF5A1_MOUSE,VHLVGIDIFTGK,3,24,0.000303608471896149,0.980000000000001,0.0517351052062972,0.00573376851319055,0.00573376851319055,0.0224316553032462,0.0224316553032462,0.444318844408059,0.255610584046412,0.00256446421451846,0.155810925923236
IF5A1_MOUSE,VHLVGIDIFTGK,3,31,0.00010312182569283,0.990000000000001,0.0122512227226674,0.00663550954781281,0.00663550954781281,0.0265271275123673,0.0265271275123673,0.340077732309025,0.25014052293145,0.00158931309501934,0.0372272229816717
IF5A1_MOUSE,VHLVGIDIFTGK,2,0,0.000752593437341413,0,0.00322021888136754,0,0,0,0,0.452616309139314,0.472023240625046,0.00573153165845374,0.011746726512963
IF5A1_MOUSE,VHLVGIDIFTGK,2,1,7.1566386625097E-05,0.13,0.0660851539098568,-0.0250253736397802,0.0250253736397802,-0.0616256107170565,0.0616256107170565,0.222162907546195,0.406087231405787,-0.00349612065615949,0.192735861779245
IF5A1_MOUSE,VHLVGIDIFTGK,2,2,0.000435147963068162,0.21,0.0337670940800595,-0.0451232780810661,0.0451232780810661,-0.122004170193935,0.122004170193935,0.257571958970026,0.369850292898508,0.00170349821479016,0.0812129247322724
IF5A1_MOUSE,VHLVGIDIFTGK,2,3,0.000550549014566287,0.31,0.07861189473463,-0.00514350927501034,0.00514350927501034,-0.0133570023363908,0.0133570023363908,0.169174518529125,0.38507961183753,0.000914529535587728,0.247975543322013
IF5A1_MOUSE,VHLVGIDIFTGK,2,6,0.00185547580250297,0.48,0.107563717805222,-0.0283689637842111,0.0283689637842111,-0.083742971809733,0.083742971809733,0.111148536467371,0.338762324421282,-0.00325020249165898,0.346413853261919
IF5A1_MOUSE,VHLVGIDIFTGK,2,9,0.00114942936996508,0.71,0.00113735473484393,-0.00866828375661527,0.00866828375661527,-0.0281509419590206,0.0281509419590206,0.279475172507939,0.307921623696774,0.0194008688446455,0.00353606880734177
IF5A1_MOUSE,VHLVGIDIFTGK,2,13,0.000424327736215717,0.830000000000001,0.00272300931095077,-0.00395700013468875,0.00395700013468875,-0.014022053438215,0.014022053438215,0.28037065771573,0.282198335081546,0.0121455004150655,0.00878129545994388
IF5A1_MOUSE,VHLVGIDIFTGK,2,21,0.000284543453124208,0.940000000000001,0.000143463412774877,0.00109389604323223,0.00109389604323223,0.00423096622845285,0.00423096622845285,0.257571958970026,0.258545207918675,0.00344617319787037,0.000940491123882668
IF5A1_MOUSE,KYEDIcPSTHNMDVPNIK,3,0,0.00125381051727055,0,0.000558493631652319,0,0,0,0,0.286155335216235,0.28037065771573,0.00302567879951175,0.0105299370467959
IF5A1_MOUSE,KYEDIcPSTHNMDVPNIK,3,1,0.00288983240709783,0,0.00223705674669904,-0.0139735515915699,0.0139735515915699,-0.0528644297186947,0.0528644297186947,0.258274071438676,0.264328049426178,0.0492038517329245,0.00284209831468822
IF5A1_MOUSE,KYEDIcPSTHNMDVPNIK,3,2,0.00203804900067972,0.07,0.00920727457203574,-0.0244470636977574,0.0244470636977574,-0.107463277004736,0.107463277004736,0.189700683423714,0.227492259487675,0.0114608304580947,0.0231416572824049
IF5A1_MOUSE,KYEDIcPSTHNMDVPNIK,3,3,0.0066837415279548,0.05,0.0035647768298346,0.000818538126389823,0.000818538126389823,0.0034427292853251,0.0034427292853251,0.222162907546195,0.23775849291401,0.0808540081541824,0.00481870191109599
IF5A1_MOUSE,KYEDIcPSTHNMDVPNIK,3,6,0.00874630742607734,0.2,0.0525195541217943,-0.00898006864885403,0.00898006864885403,-0.0435542260091647,0.0435542260091647,0.437279038681342,0.206181339256596,0.0694174815797015,0.17472908683164
IF5A1_MOUSE,KYEDIcPSTHNMDVPNIK,3,9,0.0137344077677553,0.37,0.0744726695368797,0.0207318016537973,0.0207318016537973,0.114813568094032,0.114813568094032,0.414973570979574,0.180569265444463,0.0743300306754171,0.215583983708539
IF5A1_MOUSE,KYEDIcPSTHNMDVPNIK,3,21,0.00450502648683982,0.6,0.035596463039278,-0.00829101945751974,0.00829101945751974,-0.0701473100990486,0.0701473100990486,0.0531117475324292,0.118194403260977,0.0135446301755601,0.135758282488225
IF5A1_MOUSE,KYEDIcPSTHNMDVPNIK,3,24,0.00696067834668841,0.69,0.145729805303478,-0.0019450414679608,0.0019450414679608,-0.0178111649995387,0.0178111649995387,0.428386404324246,0.10920349499941,0.0250069239719296,0.79030602686547
IF5A1_MOUSE,NDFQLIGIQDGYLSLLQDSGEVR,3,0,0.000345234130809673,0.16,0.0375218002149401,0,0,0,0,0.124663305556034,0.232028918798647,-0.0050309264703657,0.129672485432226
IF5A1_MOUSE,NDFQLIGIQDGYLSLLQDSGEVR,3,1,0.000342460344447248,0.09,0.00237908971284329,0.00013306644860861,0.00013306644860861,0.000654390206921048,0.000654390206921048,0.232028918798647,0.203344193114834,-0.00401857488888579,0.00601472765486146
IF5A1_MOUSE,NDFQLIGIQDGYLSLLQDSGEVR,3,2,0.000999241346690989,0.16,0.00212257479401494,-0.00623957270515643,0.00623957270515643,-0.0340103288414534,0.0340103288414534,0.169174518529125,0.183461110718557,0.000850937024271935,0.000840786816904159
IF5A1_MOUSE,NDFQLIGIQDGYLSLLQDSGEVR,3,3,0.00141000441274321,0.22,0.0127512485091064,-0.00331851848856615,0.00331851848856615,-0.0200084319394815,0.0200084319394815,0.124663305556034,0.165856000040559,0.000951034204773927,0.0328075110440052
IF5A1_MOUSE,NDFQLIGIQDGYLSLLQDSGEVR,2,0,0.00130547418510323,0,0.0561194617658008,2.77555756156289E-17,2.77555756156289E-17,1.2000118031251E-16,1.2000118031251E-16,0.437279038681342,0.231294188468372,-0.000130231044585828,0.125500623954486
IF5A1_MOUSE,NDFQLIGIQDGYLSLLQDSGEVR,2,1,0.000537347738116052,0.09,0.00147387762781929,-0.019947227657359,0.019947227657359,-0.107932852896151,0.107932852896151,0.18648761985418,0.184811455660784,-0.00331852332639333,-0.00137135311375797
IF5A1_MOUSE,NDFQLIGIQDGYLSLLQDSGEVR,2,2,0.00117963646392246,0.13,0.0122716593825444,-0.00221301372251825,0.00221301372251825,-0.0120093254788296,0.0120093254788296,0.126485422718496,0.184274606131662,0.00098774785020531,0.0307398917093447
IF5A1_MOUSE,NDFQLIGIQDGYLSLLQDSGEVR,2,3,0.00163201350074097,0.19,0.0893404721979213,-0.018311294902151,0.018311294902151,-0.109689280408034,0.109689280408034,0.452616309139314,0.166937870629059,0.00118254223145299,0.31293509515323
IF5A1_MOUSE,NDFQLIGIQDGYLSLLQDSGEVR,2,6,0.00538744956042958,0.42,0.0519216980370586,0.0010894082965021,0.0010894082965021,0.00866309969087105,0.00866309969087105,0.258274071438676,0.125752713852536,0.0151393434442618,0.359740503773926
IF5A1_MOUSE,NDFQLIGIQDGYLSLLQDSGEVR,2,16,0.00742052804944092,0.77,0.0563732569659426,0.00586492878397103,0.00586492878397103,0.0994448848305157,0.0994448848305157,0.169174518529125,0.0589766763164003,0.02071353825667,0.225169067666804
IF5A1_MOUSE,LPEGDLGK,2,6,0.00119843665446523,0.56,0.0179609394422762,0.000763447227518199,0.000763447227518199,0.00168390232867056,0.00168390232867056,0.336800579106609,0.453379756366832,0.00378466747201164,0.0347073888912531
IF5A1_MOUSE,LPEGDLGK,2,9,0.00100385418800514,0.62,0.00158683771800584,-0.0283907766106089,0.0283907766106089,-0.0694340709778009,0.0694340709778009,0.404120975608078,0.408888262070733,0.0029770947807705,0.00274152583159278
IF5A1_MOUSE,IVEMSTSK,2,6,0.0112427111177759,0,0.0176873390053663,-0.0267099793270685,0.0267099793270685,-0.0441802691918863,0.0441802691918863,0.472023240625046,0.60456805301616,0.0927602784934284,0.0290129148019463
IF5A1_MOUSE,IVEMSTSK,2,13,0.0010913238221614,0.03,0.213066279590619,-0.0497539479969535,0.0497539479969535,-0.094645498096459,0.094645498096459,0.169174518529125,0.525687423043051,0.00643398539867659,0.549404981967444
IF5A1_MOUSE,RNDFQLIGIQDGYLSLLQDSGEVR,3,1,0.000727743321429251,0.03,0.000207260245299001,-0.0069435413267746,0.0069435413267746,-0.0322626232422575,0.0322626232422575,0.204758683318143,0.215219366219421,-0.0068410878143903,-0.00799180353206241
IF5A1_MOUSE,RNDFQLIGIQDGYLSLLQDSGEVR,3,2,0.000739859560706579,0.11,0.0891881461693698,0.0127194282292032,0.0127194282292032,0.0653470001658051,0.0653470001658051,0.452616309139314,0.194644409030716,-0.0053194614090116,0.277065981015454
IF5A1_MOUSE,RNDFQLIGIQDGYLSLLQDSGEVR,3,3,0.00179045999799254,0.18,0.0252580194915935,0.0178974095088952,0.0178974095088952,0.0948912044964695,0.0948912044964695,0.286155335216235,0.188609783212954,0.000612223601670726,0.230341870311594
IF5A1_MOUSE,RNDFQLIGIQDGYLSLLQDSGEVR,3,6,0.00713688532189071,0.38,0.172765936446487,0.0516586647682308,0.0516586647682308,0.300783576171827,0.300783576171827,0.472023240625046,0.1717469598098,0.0199785642437869,0.46597027068147
IF5A1_MOUSE,RNDFQLIGIQDGYLSLLQDSGEVR,3,24,0.0103139564684897,0.73,0.324231567433743,0.0351560228730442,0.0351560228730442,0.347930528867246,0.347930528867246,0.487582662322969,0.101043225460845,0.0238036028007104,1.8829785302128

