protien,peptide,charge,rsquared,rateconstant,mo,io_e,io_a1a0,io_a2a0,io_a2a1
ADPRH_MOUSE,YITQSGYFVK,2,-8.30603448141524,0.48221,0.4764,0.458098275825738,0.463469927064465,0.438941583012034,0.409644123200774

