protien,peptide,charge,rsquared,rateconstant,mo,io_e,io_a1a0,io_a2a0,io_a2a1
CISD2_MOUSE,QLPVPDSITGFAR,2,0.828932099454997,0.0707,0.4381,0.464325936593376,0.483728564852718,0.446948024639492,0.401328395816004
CISD2_MOUSE,HNELTGDNVGPLILK,3,0.885142396541809,0.0972,0.39157,0.380174457493926,0.407460504544059,0.33546632582215,0.254833826203741

