protien,peptide,charge,rsquared,rateconstant,mo,io_e,io_a1a0,io_a2a0,io_a2a1
DESM_MOUSE,GTNDSLMR,2,-1.33284485517982,9.01491,0.5966,0.363668042734841,0.643925640639579,0.306646630048939,0.306646630048939
DESM_MOUSE,QEMMEYR,2,0.956337691134494,0.05844,0.53207,0.564056131181643,0.542466075121279,0.598059574880478,0.557030689508873
DESM_MOUSE,AQYETIAAK,2,0.985359202438993,0.07134,0.56132,0.575575084053017,0.568756137907759,0.581417156728813,0.6008806031371
DESM_MOUSE,HLKDEMAR,2,0.939012334187778,0.05358,0.54827,0.581482465759284,0.56594074238082,0.582817185692254,0.655829982046591
DESM_MOUSE,LQEEIQLR,2,0.991530052227716,0.08389,0.5567,0.555402447661891,0.560986589485066,0.547420449090216,0.52930141322035
DESM_MOUSE,TSGGAGGLGSLR,2,0.970692880633061,0.05541,0.5704,0.549027342553342,0.545745597774361,0.550212862528604,0.556864598108975
DESM_MOUSE,KLLEGEESR,2,0.96779233228989,0.06754,0.55405,0.577707427377353,0.564858258438548,0.587562076219876,0.624301622213456
DESM_MOUSE,QVEVLTNQR,2,0.981737626097288,0.0735,0.54503,0.554975583425159,0.548817974864196,0.55865306214165,0.571513979008443
DESM_MOUSE,DNLIDDLQR,2,0.9706654873489,0.11284,0.54469,0.526546884500933,0.553501470320941,0.506208061217613,0.439810524948986
DESM_MOUSE,VELQELNDR,2,0.238855089789965,0.19954,0.53849,0.456931250781524,0.547427584335169,0.379043348846745,0.193416244351027
DESM_MOUSE,RQVEVLTNQR,3,0.965613384469869,0.06989,0.50024,0.508217949557979,0.483747195197324,0.520431639466567,0.570614584510596
DESM_MOUSE,RQVEVLTNQR,2,0.917903256554453,0.06261,0.50024,0.539482252049902,0.537533210304709,0.531982967147001,0.523871655617834
DESM_MOUSE,EEAENNLAAFR,2,0.983883345119684,0.07115,0.4918,0.511918190181157,0.515520831507843,0.507279160241105,0.496395100508373
DESM_MOUSE,NISEAEEWYK,2,0.975729004212298,0.07802,0.47565,0.491521087079192,0.490851596231918,0.491598682122419,0.492679880635038
DESM_MOUSE,MALDVEIATYR,2,0.990760512252578,0.07612,0.45685,0.467284171186917,0.456384658990081,0.463613974742582,0.478430782074788
DESM_MOUSE,SLGSPLSSPVFPR,2,0.900052622383559,0.0405,0.45089,0.432008648737763,0.410932836525163,0.436460201648508,0.466941683100727
DESM_MOUSE,FASEANGYQDNIAR,2,0.991501487441452,0.07013,0.4143,0.421178187362564,0.420949698046494,0.4143,0.405686532337129
DESM_MOUSE,RIESLNEEIAFLK,3,0.96239387337419,0.07322,0.39995,0.401785374562803,0.394746278876901,0.417594862637949,0.446674613426796
DESM_MOUSE,TNEKVELQELNDR,3,0.82209979575432,0.02467,0.41617,0.479803733313571,0.480518428957634,0.480024969606959,0.478737201677662
DESM_MOUSE,INLPIQTFSALNFR,2,0.98448220288689,0.06014,0.3729,0.388479086589218,0.383683345717794,0.383790757461267,0.384711952245385
DESM_MOUSE,FLEQQNAALAAEVNR,2,0.990586491823362,0.0734,0.38361,0.402953246603731,0.387654619538158,0.398025295174598,0.409601276106147
DESM_MOUSE,FLEQQNAALAAEVNR,3,0.978448346079836,0.08173,0.38361,0.399442793194786,0.393207895132502,0.389952792091552,0.386768711092288
DESM_MOUSE,HQIQSYTcEIDALK,3,0.980692388519243,0.06949,0.37296,0.371610685646936,0.375257279248745,0.370876729819712,0.364694026546705
DESM_MOUSE,HQIQSYTcEIDALK,2,0.980834263702841,0.0781,0.37296,0.387193143132238,0.373416092783302,0.387862097756196,0.412446217016166
DESM_MOUSE,DGEVVSEATQQQHEVL,2,0.59765732771402,0.05604,0.37531,0.388198255998638,0.381550104997573,0.385695057196813,0.391754531450435
DESM_MOUSE,TFGGAPGFSLGSPLSSPVFPR,2,0.985649525937421,0.05695,0.28503,0.296241900091789,0.293897118201904,0.292916954391856,0.292916954391856
DESM_MOUSE,TFGGAPGFSLGSPLSSPVFPR,3,0.974438119703236,0.05296,0.28503,0.29787501534103,0.296647851232358,0.296361804264569,0.297518835360948
DESM_MOUSE,APSYGAGELLDFSLADAVNQEFLATR,2,0.9945961329456,0.07099,0.20022,0.204856656734969,0.177939936487944,0.201364634142452,0.229539269019898
DESM_MOUSE,APSYGAGELLDFSLADAVNQEFLATR,3,0.974292291000285,0.07516,0.20022,0.213483869264837,0.217787989909174,0.207184941178975,0.195705043944155
DESM_MOUSE,ELQAQLQEQQVQVEMDMSKPDLTAALR,4,0.62655129887496,0.08494,0.16223,0.159846214593002,0.140295016306536,0.149868039767636,0.163304373136076
DESM_MOUSE,ELQAQLQEQQVQVEMDMSKPDLTAALR,3,0.802377616378423,0.05794,0.16223,0.181857055174956,0.193377535096675,0.168782241245846,0.139353872566637

