PeptideSeq,Charge,Abun,mz,NDP,t0,i0,m0,t1,i1,m1,t2,i2,m2,t3,i3,m3,t6,i6,m6,t7,i7,m7,t9,i9,m9,t13,i13,m13,t16,i16,m16,t21,i21,m21,t24,i24,m24,t31,i31,m31
LTVEQAVLLSR,2,1514259.66666667,614.86664,9,50.500446,54.89,614.86993,3024.400024,45.89,614.86969,3036.040039,49.67,614.86829,3031.040039,45.79,614.86853,50.467705,38.71,614.86755,50.579361,37.16,614.86993,50.498425,0,614.86993,50.4553105,49.29,615.36963,50.3051225,0,614.86993,50.419395,0,614.86993,50.50798,53.58,615.37189,50.5733355,51.55,615.37195
NEWDPVIEWAEK,2,6137321.375,758.35931,12,63.507549,24.76,758.36273,63.5138515,22.35,758.36316,63.252264,45.9,758.3623,63.602579,0,758.36273,63.5851215,39.64,758.36121,63.637562,0,758.36273,63.563644,19.11,758.85956,63.500284,28.58,758.36249,63.077461,34.94,758.86212,63.4872095,21.75,758.86432,63.6279505,0,758.36273,63.631861,0,758.36273
FLDTDTIcYR,2,20776193.4285714,652.30298,12,45.040945,0,652.30603,45.423334,54.09,652.30603,45.5952815,52.7,652.30469,45.6141185,59.28,652.30377,44.94331,0,652.30603,45.208643,56.94,652.80658,45.236546,52.25,652.30444,44.946541,0,652.30603,44.9091145,0,652.30603,45.6337035,37.29,652.30695,45.577456,45.13,652.80896,45.06064,0,652.30603

