Protein,Peptide,charge,time,RSS,theta
PON2_MOUSE,LLVGTLYQK,2,1,0.000459235875975672,0
PON2_MOUSE,LLVGTLYQK,2,2,0.000303312442451733,0.15
PON2_MOUSE,LLVGTLYQK,2,3,0.00117184345411914,0.24
PON2_MOUSE,LLVGTLYQK,2,6,0.00103117925385457,0.58
PON2_MOUSE,LLVGTLYQK,2,9,0.00116089464663311,0.69
PON2_MOUSE,LLVGTLYQK,2,16,0.00181396508444928,0.78
PON2_MOUSE,LLVGTLYQK,2,21,0.00179544847957211,0.77
PON2_MOUSE,LLVGTLYQK,2,24,0.00164692464446012,0.74
PON2_MOUSE,LLVGTLYQK,2,31,0.000508640284818687,0.830000000000001
PON2_MOUSE,VSWGFDLASFNPH,2,2,0.00582243089766211,0.47
PON2_MOUSE,VSWGFDLASFNPH,2,6,0.00291199571408479,0.79
PON2_MOUSE,VSWGFDLASFNPH,2,24,0.00097339838550029,0.81
PON2_MOUSE,YVYVADILAHEIHVLEK,4,16,0.00383888611001535,0.75
PON2_MOUSE,YVYVADILAHEIHVLEK,4,21,0.00391944114136682,0.76
PON2_MOUSE,YVYVADILAHEIHVLEK,4,31,0.00481478085909554,0.79
PON2_MOUSE,YVYVADILAHEIHVLEK,3,6,0.0174153235482702,0.61
PON2_MOUSE,YVYVADILAHEIHVLEK,3,7,0.00167186216901359,0.49
PON2_MOUSE,YVYVADILAHEIHVLEK,3,9,0.00280384241871712,0.62
PON2_MOUSE,YVYVADILAHEIHVLEK,3,16,0.00460239833815361,0.77
PON2_MOUSE,YVYVADILAHEIHVLEK,3,24,0.000408410944672763,0.960000000000001
PON2_MOUSE,GIETGAEDIDILPNGLAFFSVGLK,2,0,0.0263724615341192,0
PON2_MOUSE,GIETGAEDIDILPNGLAFFSVGLK,2,3,0.0114409344470193,0
PON2_MOUSE,GIETGAEDIDILPNGLAFFSVGLK,2,6,100,NaN
PON2_MOUSE,GIETGAEDIDILPNGLAFFSVGLK,2,7,100,NaN
PON2_MOUSE,GIETGAEDIDILPNGLAFFSVGLK,2,9,100,NaN
PON2_MOUSE,GIETGAEDIDILPNGLAFFSVGLK,2,16,100,NaN
PON2_MOUSE,GIETGAEDIDILPNGLAFFSVGLK,2,21,100,NaN
PON2_MOUSE,GIETGAEDIDILPNGLAFFSVGLK,2,24,100,NaN
PON2_MOUSE,GIETGAEDIDILPNGLAFFSVGLK,2,31,100,NaN
PON2_MOUSE,GIETGAEDIDILPNGLAFFSVGLK,3,0,0.0016804038003421,0
PON2_MOUSE,GIETGAEDIDILPNGLAFFSVGLK,3,3,0.00326342534620498,0.56
PON2_MOUSE,GIETGAEDIDILPNGLAFFSVGLK,3,6,0.00471412718877056,0.64
PON2_MOUSE,GIETGAEDIDILPNGLAFFSVGLK,3,7,0.000679034746167797,0.54
PON2_MOUSE,GIETGAEDIDILPNGLAFFSVGLK,3,9,0.00661234511751246,0.3
PON2_MOUSE,GIETGAEDIDILPNGLAFFSVGLK,3,16,0.0100826022359958,0
PON2_MOUSE,GIETGAEDIDILPNGLAFFSVGLK,3,21,0.00482489740585011,0
PON2_MOUSE,GIETGAEDIDILPNGLAFFSVGLK,3,24,0.00296221721241253,0.56
PON2_MOUSE,GIETGAEDIDILPNGLAFFSVGLK,3,31,0.0127930915768732,0

