Protein,Peptide,charge,time,RSS,theta
SYMC_MOUSE,QQGVLALR,2,1,0.00187167384468879,0.48
SYMC_MOUSE,QQGVLALR,2,3,0.0106016791895448,0.940000000000001
SYMC_MOUSE,QQGVLALR,2,6,0.0432683934870349,0.67
SYMC_MOUSE,QQGVLALR,2,7,0.041812458622636,0.67
SYMC_MOUSE,QQGVLALR,2,9,0.0421281592331342,0.66
SYMC_MOUSE,QQGVLALR,2,13,0.0430437906893272,0.66
SYMC_MOUSE,QQGVLALR,2,16,0.0440063492382762,0.67
SYMC_MOUSE,QQGVLALR,2,21,0.0441872865392504,0.66
SYMC_MOUSE,QQGVLALR,2,24,0.0452797094529363,0.68
SYMC_MOUSE,LENDQIENLR,2,2,0.00181937984754842,0.21
SYMC_MOUSE,LENDQIENLR,2,16,0.00036409499991993,0.22
SYMC_MOUSE,LENDQIENLR,2,21,0.00342051614569319,0
SYMC_MOUSE,YHAIHADIYR,3,1,0.0173634495883278,0
SYMC_MOUSE,YHAIHADIYR,3,6,0.000199087803130509,0.67
SYMC_MOUSE,YHAIHADIYR,3,9,0.0114435882434011,0.5
SYMC_MOUSE,YHAIHADIYR,3,13,0.0141893788429165,0.54
SYMC_MOUSE,YHAIHADIYR,3,16,0.0166618250115025,0.61
SYMC_MOUSE,YHAIHADIYR,3,21,0.000867524038382277,0.75
SYMC_MOUSE,YHAIHADIYR,3,24,0.00120859923203196,0.840000000000001
SYMC_MOUSE,NPEQVDLYQFMAK,2,1,0.00783835058062747,0.49
SYMC_MOUSE,NPEQVDLYQFMAK,2,3,0.0394065787449339,0
SYMC_MOUSE,NPEQVDLYQFMAK,2,7,0.0157413798731259,0
SYMC_MOUSE,NPEQVDLYQFMAK,2,9,0.0200079803767804,0
SYMC_MOUSE,NPEQVDLYQFMAK,2,13,0.0146592934268668,0.52
SYMC_MOUSE,NPEQVDLYQFMAK,2,16,0.0313931956416084,0
SYMC_MOUSE,NPEQVDLYQFMAK,2,21,0.0386444365124569,0
SYMC_MOUSE,NPEQVDLYQFMAK,2,24,0.0153683610412405,0
SYMC_MOUSE,LFVSEGSPGSLPVLAAAAR,2,6,0.0161196703734065,0.55
SYMC_MOUSE,LFVSEGSPGSLPVLAAAAR,2,7,0.0129178481631287,0.5
SYMC_MOUSE,LFVSEGSPGSLPVLAAAAR,2,9,0.0202879134881577,0.54
SYMC_MOUSE,LFVSEGSPGSLPVLAAAAR,2,21,0.0105690891119897,0.33
SYMC_MOUSE,QPQPQPPPPEGR,2,0,0.0162164104065348,0
SYMC_MOUSE,QPQPQPPPPEGR,2,3,0.00339735164954408,0.54
SYMC_MOUSE,QPQPQPPPPEGR,2,6,0.0016111068709483,0.73
SYMC_MOUSE,QPQPQPPPPEGR,2,7,0.00154779624313898,0.7
SYMC_MOUSE,QPQPQPPPPEGR,2,9,0.00201633900303898,0.78
SYMC_MOUSE,QPQPQPPPPEGR,2,13,0.00181525945498052,0.72
SYMC_MOUSE,QPQPQPPPPEGR,2,16,0.000739721024373927,0.920000000000001
SYMC_MOUSE,QPQPQPPPPEGR,2,21,0.00674983002017573,0.69
SYMC_MOUSE,QPQPQPPPPEGR,2,24,0.00260575104810789,0.900000000000001
SYMC_MOUSE,ILATSFIcTLPAGHR,3,0,0.00503078686091749,0
SYMC_MOUSE,ILATSFIcTLPAGHR,3,2,0.0094017893991062,0
SYMC_MOUSE,ILATSFIcTLPAGHR,3,16,0.00551557309774587,0.38
SYMC_MOUSE,ILATSFIcTLPAGHR,3,24,0.00040681158883085,0.26

