Protein,Peptide,charge,time,RSS,theta
MOCOS_MOUSE,GQPPGTTVALSLVNEAQYLLVNTSSILELQR,3,3,0.0584985042485326,0
MOCOS_MOUSE,GQPPGTTVALSLVNEAQYLLVNTSSILELQR,3,6,100,NaN

