proteinName,peptideSeq,charge,old_Rsquared,new_Rsquared,NDP,rateconstant,sigma,Abundance,MassToCharge,RMSE,selected_A1A0_count, selected_A2A0_count, selected_A2A1_count,improved_timePoints,new_k,I0_percentatediffI0_percentatediff,selected_io_t,i0,I0_asymptote,new_rmse,lowerci_old,upperci_old,sigma_old,lowerci_new,upperci_new,sigma_new,old_pearson,new_pearson
RS26_MOUSE,LHYcVScAIHSK,3,0.672555240505731,0.847047708545831,11,0.03825,0.00740660715526391,109260413.333333,492.23584,0.0440648698358034,8,0,1,1| 3| 6| 7| 9| 13| 21| 24| 31,NaN,,0.453562293851623| 0.431940654004314| 0.430282382713082| 0.413686885512799| 0.341331679569845| 0.37531978728377| 0.340518114700453| 0.292029627378751| NaN| 0.260012289487558| 0.243071836232935| 0.238689986106557,0.453562293851623,0.168688048132363,0.0285499522958309,0.0218863467655555,0.0546136532344445,0.00734409043877813,0.0276478690741685,0.0488521309258315,0.00475829004975344,0.968051556619389,0.978945917583752
RS26_MOUSE,DISEASVFDAYVLPK,2,0.461759727568138,0.392718222583404,11,0.10592,0.0291015104392235,177952747.777778,827.42212,0.0629978430697329,0,4,5,1| 2| 3| 7| 9| 13| 21| 24| 31,NaN,0.031765031604487|0.0410349057845274|0.0198133306625155|-0.0127935223031793|-0.0498529329408133|0.00534039131362427|,0.381142550340586| 0.349716724533855| 0.324272844473517| 0.31276367672913| 0.255643309713285| 0.237450031150724| 0.212699924066352| 0.175241213083112| NaN| 0.136706925078139| 0.130339923985643| 0.333075259797862,0.381142550340586,0.106857616502538,0.0623955566592531,0.0369413812025098,0.17489861879749,0.0309579534308658,0.037600846395142,0.174239153604858,0.0306619821128154,0.75411411460364,0.745416967382123
RS26_MOUSE,LHYcVScAIH,2,0.800842454683853,0.920564032328683,11,0.10409,0.0201928931865074,542287450,630.28662,0.0456628092239447,3,3,4,1| 2| 3| 6| 7| 9| 13| 21| 24| 31,NaN,0.0502892196657067|,0.491777638268924| 0.451375133563388| 0.435617937743127| 0.362846835745988| 0.335259910878917| 0.312039579780297| 0.310919986584084| 0.279321737797699| NaN| 0.240802939822523| 0.187395248253151| 0.187395248253151,0.491777638268924,0.210659383282345,0.0263560399245271,0.0607846158663213,0.147395384133679,0.0194356757019461,0.0790946382915988,0.129085361708401,0.0112180449137159,0.9673205045723,0.983258032841997

