proteinName,peptideSeq,charge,old_Rsquared,new_Rsquared,NDP,rateconstant,sigma,Abundance,MassToCharge,RMSE,selected_A1A0_count, selected_A2A0_count, selected_A2A1_count,improved_timePoints,new_k,I0_percentatediffI0_percentatediff,selected_io_t,i0,I0_asymptote,new_rmse,lowerci_old,upperci_old,sigma_old,lowerci_new,upperci_new,sigma_new,old_pearson,new_pearson
TAGL2_MOUSE,IQASSMAFK,2,0.818112705441154,0.924993369506229,12,0.10467,0.0148010303156544,52962136,491.75494,0.0417984372435537,4,2,2,0| 1| 3| 6| 7| 13| 24| 31,0.136278581110248,-0.0480777219933639|,0.589710858159169| 0.509593856099293| 0.465303993424483| 0.455809369480905| 0.391954860606969| 0.375998745330459| 0.333787414168254| 0.294122694176115| 0.277987691485932| 0.284529420969801| 0.256040769593812| 0.295947847770214,0.589710858159169,0.229901275934028,0.0279908748439467,0.0706445919086257,0.138695408091374,0.01545917197847,0.081884436658233,0.127455563341767,0.0103524384301506,0.92429679349786,0.974159365239238
TAGL2_MOUSE,NVIGLQMGTNR,2,0.355513277174866,0.900571440912442,12,0.73178,0.303870964426551,581321033.333333,601.81915,0.0641101847372052,2,5,4,0| 1| 2| 3| 6| 7| 9| 13| 16| 24| 31,0.549079495995927,,0.483394249276767| 0.318929074781932| 0.307078627853143| 0.314957440219365| 0.19544947621694| 0.195452362014639| 0.195452905705377| 0.21563407059516| 0.216160994258549| 0.206908338888424| 0.195452905705377| 0.195452905705377,0.483394249276767,0.207068248961719,0.0266359840346176,0.033225010838373,1.43033498916163,0.317382871202227,0.441549990292768,1.02201000970723,0.131863683201923,0.69777175738338,0.949144074629352
TAGL2_MOUSE,TLMNLGGLAVAR,2,0.756649959241883,0.95284446130486,12,0.25902,0.0470018453760739,84652973,608.34753,0.0383310351113463,1,3,4,1| 3| 6| 7| 13| 16| 21| 24,0.220105151208745,,0.462810785283119| 0.40800067300106| 0.358009319293409| 0.297512935435151| 0.258426448006657| 0.243750698391815| 0.218714757029919| 0.192178408819516| 0.180317789773644| 0.180317789773644| 0.179526050664356| 0.223516084343473,0.462810785283119,0.172127729933289,0.0198777927992704,0.145473022807365,0.372566977192634,0.0515891607631106,0.200136557925915,0.317903442074085,0.0267532208655073,0.928325605494944,0.98895083661354
TAGL2_MOUSE,LINSLYPEGQAPVK,2,0.448299550061126,0.540969210894611,12,0.01964,0.00768954548273963,118553506,764.92212,0.0707992164933675,1,2,6,2| 3| 6| 7| 9| 16| 21| 24| 31,0.0292984282267694,,0.390179653653473| 0.391745262992983| 0.363859488927609| 0.331068794575813| 0.332097541517611| 0.334818314020303| 0.374216376011377| 0.327763828169102| 0.210637209306035| 0.278886211891117| 0.307713811904516| 0.1802031663284,0.390179653653473,0.109391270431335,0.0432080433590086,0.00162154017967463,0.0376584598203254,0.00818654307985146,0.00864351682208082,0.0306364831779192,0.00499616416500529,0.770169983791496,0.824725804426733
TAGL2_MOUSE,DDGLFSGDPNWFPK,2,-0.105852261770435,0.332362234336776,12,0.00822,0.0117980077938704,16652236.375,797.86224,0.119742632135203,1,6,2,0| 1| 2| 3| 6| 7| 9| 13| 16,0.0136821833671051,0.00731223986004829|,0.473290804884857| 0.483757720110905| 0.47473201900736| 0.372080580170444| 0.397144185139025| 0.391355027863683| 0.372110968399417| 0.359785992254264| 0.358965252209795| 0.295940857830661| 0.267237120070464| 0.304342620061381,0.38403,0.142827726207469,0.055488132216821,0,0.0363393557860663,0.0127758043592954,0,0.0217313897580536,0.00613879185157637,0.912464071096475,0.894141556415724
TAGL2_MOUSE,QMEQISQFLQAAER,2,-0.827595591777614,0.701188173729239,12,0.04116,0.0195265340370761,39205177,839.91449,0.131311340649496,1,3,5,0| 1| 2| 3| 6| 7| 13| 16| 21,0.0300605110711177,,0.452489401396877| 0.359180568672782| 0.345536882350299| 0.329461453589373| 0.299234882877226| 0.295645881582656| 0.280433994178697| 0.300441189778758| 0.221959238934786| 0.252636325369623| 0.190324567001164| 0.199019971506792,0.37012,0.0562531786642533,0.0387196812669217,0.0011958773566112,0.0811241226433888,0.0181573794281526,0.0279237154296577,0.0543962845703423,0.0060138000102566,-0.0268639797930416,0.912150141663756
TAGL2_MOUSE,QMEQISQFLQAAER,3,-0.33464134725815,-0.249341367300431,11,0.00998,0.00863463031850982,11432691.3333333,560.27875,0.107164923336974,3,3,3,1| 2| 6| 7| 9| 16| 21| 24| 31,NaN,,0.377143298303661| 0.39075470159241| 0.346872488925772| 0.250059762027479| 0.18077162055603| 0.269205340108119| 0.390672816428565| NaN| 0.347153150266185| 0.248586716338924| 0.301651797299927| 0.240676479526583,0.377143298303661,0.0573206239638539,0.0724953954593247,0,0.0313571616253235,0.00959417839350731,0,0.0244981860777532,0.00651583543322674,-0.331623066953308,0.36075573849069
TAGL2_MOUSE,YGINTTDIFQTVDLWEGK,2,0.978750524459323,0.990599655188632,12,0.17309,0.0100517338190976,29709481.8181818,1050.51782,0.0090760547208077,1,5,0,1| 2| 3| 6| 9| 24,0.176071102489004,-0.0043739122010445|-0.0474000001233638|-0.0228902021635088|-0.0307716443837969|,0.300468051123841| 0.265072917488777| 0.245649696450317| 0.213593102549182| 0.172417710349194| 0.167804987729839| 0.149204216191466| 0.12005421643788| 0.120721232202048| 0.127517147653844| 0.114628853239719| 0.108400070583485,0.300468051123841,0.106608242307357,0.00609082157388385,0.152879835319822,0.193300164680178,0.00918232665027969,0.159527222908808,0.186652777091192,0.00616213927531223,0.991978464122114,0.996131020580663
TAGL2_MOUSE,QYDADLEQILIQWITTQcR,3,0.983529944555646,0.99488720479056,11,0.16186,0.00839691027013658,10964429.5714286,798.7301,0.00891687206849572,1,3,2,1| 6| 7| 16| 21| 24,NaN,-0.0352778254527522|,0.254637339415013| 0.223470826105719| 0.195096509589172| 0.171839583668442| 0.126418735793462| 0.114606715665715| 0.0949413804318345| 0.0696331807671755| 0.0530037967206962| 0.0371049660538785| 0.0461946037356186| NaN,0.254637339415013,0.0445749909543742,0.00491919696831664,0.142021435782855,0.181698564217145,0.00890364808510715,0.150915601089363,0.172804398910637,0.00491190165461309,0.995864895456067,0.99825113127192
TAGL2_MOUSE,QYDADLEQILIQWITTQcR,2,0.544172576421088,0.840916704088452,12,0.07137,0.0160312116288728,1758036,1197.59155,0.0458695246079864,2,3,3,1| 3| 6| 7| 9| 13| 21| 31,0.0778771277348896,,0.265824433219878| 0.258274525601342| 0.220623723898924| 0.229870829376767| 0.206891755600099| 0.170686306194887| 0.147492058225967| 0.068051316891864| 0.178345433517878| 0.0620653761105841| 0.0923338754851592| 0.0606508705059169,0.265824433219878,0.0465333235630294,0.0292583425274682,0.0363086529060072,0.106431347093993,0.0159298425772672,0.0490057633632008,0.0937342366367992,0.0101610120121711,0.761735083545059,0.919457453042408

