protien,peptide,charge,rsquared,rateconstant,mo,io_e,io_a1a0,io_a2a0,io_a2a1
LTOR5_MOUSE,HDGITVAVHK,3,0.95544895787996,0.15401,0.53574,0.575616057197739,0.566788865915692,0.58210234820556,0.603785956656679
LTOR5_MOUSE,GTLSDEHAGVISVLAQQAAR,3,0.850842384873292,0.09552,0.31995,0.303984514328843,0.269316685215226,0.306414434528139,0.352159354538887

