proteinName,peptideSeq,charge,old_Rsquared,new_Rsquared,NDP,rateconstant,sigma,Abundance,MassToCharge,RMSE,selected_A1A0_count, selected_A2A0_count, selected_A2A1_count,improved_timePoints,new_k,I0_percentatediffI0_percentatediff,selected_io_t,i0,I0_asymptote,new_rmse,lowerci_old,upperci_old,sigma_old,lowerci_new,upperci_new,sigma_new,old_pearson,new_pearson
LSR_MOUSE,TWEQEPLQEQPR,2,0.947703460664636,0.975615873306606,9,0.09193,0.00605578734559147,116453718,770.87317,0.0161792884301991,2,2,1,1| 3| 13| 16| 24,NaN,,0.40422554676064| 0.384023830399523| 0.350127359530337| 0.319072068286854| 0.2695457124874| 0.251388607578441| NaN| 0.18857993648667| 0.1715898793052| NaN| 0.157042518063203| NaN,0.40422554676064,0.0854304082046041,0.0118227781749044,0.0745331610520367,0.109326838947963,0.0075441490685351,0.0792175146077252,0.104642485392275,0.00551277649449781,0.990209345726146,0.994772739078287
LSR_MOUSE,QGNAVTLGDYYQGR,2,-3.63770626801746,-22.2272964781578,9,9.30422,3391.55413226305,13288994.8571429,771.37079,0.0922480886664233,0,5,4,0| 1| 2| 3| 6| 7| 13| 16| 24,NaN,,0.155988479943868| 0.137416324750072| 0.0999528178766745| 0.103534854435842| 0.104202813099527| 0.104205179268519| NaN| 0.104205625059461| 0.119396709529944| NaN| 0.108432583144309| NaN,0.41516,0.116394792519363,0.0755891143842731,7.25470408954229,11.3537359104577,0.888773736026198,7.71676580513838,10.8916741948616,0.688400411208586,0.254672562803833,0.795162385206336
LSR_MOUSE,IQANQQDDSMR,2,0.84408286596716,0.958508260959664,8,0.83316,0.206947627521571,1754997.5,653.2962,0.0463246408865894,2,0,2,0| 6| 7| 13,NaN,,0.535737000315209| 0.284693654163822| 0.186499350356545| 0.142187086728323| 0.120447625900507| 0.145553247570415| NaN| 0.161761176613882| 0.134627436483478| NaN| NaN| NaN,0.47848,0.122087742214604,0.02175597270661,0.192446028688988,1.47387397131101,0.270958048002608,0.532254145020746,1.13406585497925,0.12725313751299,0.96703488720938,0.990735940268563

