proteinName,peptideSeq,charge,old_Rsquared,new_Rsquared,NDP,rateconstant,sigma,Abundance,MassToCharge,RMSE,selected_A1A0_count, selected_A2A0_count, selected_A2A1_count,improved_timePoints,new_k,I0_percentatediffI0_percentatediff,selected_io_t,i0,I0_asymptote,new_rmse,lowerci_old,upperci_old,sigma_old,lowerci_new,upperci_new,sigma_new,old_pearson,new_pearson
RS16_MOUSE,PLEMIEPR,2,0.91390789995121,0.991712718907098,12,0.06901,0.00584041442613069,120879381.428571,492.76276,0.0265566087250978,4,0,3,1| 2| 3| 6| 7| 16| 31,0.0687829924900784,-0.0662950312929072|-0.0163394769305114|,0.569265734045501| 0.53156690809325| 0.533085087556193| 0.510408797102767| 0.462739491853433| 0.454695734857607| 0.411345997119407| 0.360373298133691| 0.352998191110515| 0.296646236933155| 0.300037434217393| 0.273716745683002,0.569265734045501,0.232633463891478,0.00902044203037155,0.0569070125528321,0.0811129874471679,0.00549889552820569,0.064898997055625,0.073121002944375,0.00186780130161616,0.984878129976917,0.995868436237469
RS16_MOUSE,LLEPVLLLGK,2,0.966363788459313,0.983285331599789,12,0.09831,0.00707069847767099,329466890.909091,547.86279,0.0146366000636639,3,2,4,1| 2| 3| 6| 7| 13| 16| 24| 31,0.106183942023141,0.000111097450465377|0.00786597522183324|-0.00359720937309713|-0.00850216080561421|0.020905818889129|-0.0436420772619759|,0.522233242433243| 0.505532054132744| 0.482251551841261| 0.458588086635304| 0.415268251993148| 0.421392893228448| 0.392798019187317| 0.338940440880441| 0.321808611420393| 0.323581058745369| 0.317696627465944| 0.304107901383685,0.522233242433243,0.296760345089893,0.00977993732434295,0.0841920951660156,0.112427904833984,0.00641435712447978,0.0888766463641254,0.107743353635875,0.00428596876190533,0.989836772707341,0.993523669174645
RS16_MOUSE,GPLQSVQVFGR,2,0.790951336780541,0.983614973295388,12,0.17459,0.0264785195772406,367037272.727273,594.3302,0.0389727867951692,0,0,5,1| 2| 13| 16| 31,0.168819267862013,,0.495049070899123| 0.441972148716989| 0.407204505050983| 0.359545138998197| 0.271351136146565| 0.275980328142296| 0.244201843257928| 0.229712832630798| 0.210620481347519| 0.203019528358358| 0.195035468768003| 0.195726874101128,0.495049070899123,0.175646998431435,0.0128832976335243,0.112909981086443,0.236270018913557,0.0280238231811741,0.154200335645711,0.194979664354289,0.00926388089129611,0.943429923803502,0.996359094094125
RS16_MOUSE,GGGHVAQIYAIR,3,0.813098014638929,0.886515014220876,12,0.07017,0.00852220596659758,135188050,414.56317,0.0424948104170618,6,0,1,1| 2| 6| 7| 9| 13| 31,0.0696860915348597,-0.0101739564251985|,0.521822679859056| 0.491204286241912| 0.451693596548775| 0.432874418100756| 0.398191131502892| 0.364343400252303| 0.322773996375718| 0.283632899132407| 0.261158448039106| 0.200828824164953| 0.262224127998405| 0.280510885473941,0.521822679859056,0.146298878875838,0.0332069286188789,0.0523117046990469,0.0880282953009531,0.00811377361171823,0.0562149045073158,0.0841250954926842,0.00634038600266098,0.927878014635109,0.955393234795202
RS16_MOUSE,GGGHVAQIYAIR,2,-0.57815208182074,0.311060574786128,12,0.02893,0.00910558453417893,110494083.636364,621.34113,0.0912219899822294,7,1,3,1| 2| 3| 6| 7| 9| 13| 16| 21| 24| 31,0.0314430249459086,-0.0371123205656449|0.0169176953912718|,0.513921072923511| 0.509179673596271| 0.470682436539018| 0.462234584047513| 0.441115321907453| 0.376010020850117| 0.370397805779468| 0.24283535327724| 0.381248490517963| 0.350328463214142| 0.367974819300439| 0.392839101929291,0.513921072923511,0.14408357417444,0.0610829794989704,0.00886713222767451,0.0489928677723255,0.00911540347850554,0.0154957420862421,0.0423642579137579,0.00610374761514044,0.245075753365758,0.663454505760648
RS16_MOUSE,VNGRPLEMIEPR,3,0.951373831697491,0.977784844235387,12,0.06935,0.00555835386076225,137739430,470.92224,0.0230232956326743,1,5,2,0| 1| 3| 6| 16| 21| 24| 31,0.0778984924058634,0.00490353580201337|,0.447164275089272| 0.44640888136792| 0.383862507966971| 0.386336500631493| 0.338250498414024| 0.307651720711408| 0.28541155414226| 0.243542651154476| 0.207218822633157| 0.185029686975444| 0.180950167587155| 0.15823259269028,0.447164275089272,0.125367552319798,0.0148128253940616,0.0565721558637933,0.0821278441362067,0.00580551126632278,0.0611289365553059,0.0775710634446941,0.00373517441131463,0.987368643431247,0.994214112396885
RS16_MOUSE,FAGVDIR,2,0.966521930766647,0.988146194207823,12,0.06407,0.00406929793958211,212333250,389.21631,0.017612700110015,2,3,4,1| 2| 6| 7| 9| 13| 21| 24| 31,0.0665232616059852,-0.00988252580882864|0.020171368382769|0.00514501496350654|0.0273202950585617|-0.0235486870736643|-0.0703742461628038|-0.0332555114058876|,0.649456487818108| 0.630118323132064| 0.61149984000288| 0.60148649695883| 0.55855782364541| 0.544954470652068| 0.518341290277519| 0.478752237072275| 0.433524796416867| 0.440791007360896| 0.416675556789708| 0.376107705302908,0.649456487818108,0.352076085354272,0.00957491017522675,0.0555683014712578,0.0725716985287422,0.00386267871679839,0.0594481646629368,0.0686918353370632,0.00209989391280638,0.993411543297772,0.994916892568134

