PeptideSeq,Charge,Abun,mz,NDP,t0,i0,m0,t1,i1,m1,t2,i2,m2,t3,i3,m3,t6,i6,m6,t7,i7,m7,t9,i9,m9,t13,i13,m13,t16,i16,m16,t21,i21,m21,t24,i24,m24,t31,i31,m31
PGIVELPTLEELK,2,25889116,719.41357,12,59.0224265,39.42,719.41815,58.9856585,0,719.41815,59.036722,46.16,719.91913,59.03643,0,719.41815,59.2037255,47.48,719.92078,59.212639,0,719.41815,59.267616,0,719.41815,59.4693185,0,719.41815,59.41456,27.74,719.92041,59.5125005,0,719.41815,59.7823105,25.97,719.92194,59.9355565,0,719.41815
LGWVRPDLGQLSK,2,13403752.2222222,734.91718,12,44.2193145,23.78,734.92017,44.3377535,28.95,734.91956,44.2944985,36.43,734.92053,44.3331815,43.41,734.92072,44.7035615,27.63,735.42163,44.4735605,33.64,734.91998,44.7591305,17.7,734.92041,44.7272165,35.08,735.42401,44.852716,34.84,735.42096,45.0036945,0,734.92017,44.873812,0,734.92017,45.097067,0,734.92017
TDRPLPENPYHSR,4,96291595.5555556,396.19965,12,21.940652,34.77,396.20102,21.8781025,28.03,396.20193,21.894185,38.96,396.20193,21.854295,31.74,396.45279,21.9034775,20.74,396.20175,21.999997,28.32,396.20126,22.2095565,25.31,396.45236,22.1695435,17.44,396.70358,21.9517955,0,396.20102,22.120631,0,396.20102,22.072008,18.24,396.70541,22.217068,0,396.20102
TDRPLPENPYHSR,3,59886997,527.93048,12,21.940652,37.81,527.93274,21.8781025,0,527.93274,21.9058385,38.63,527.93317,21.8903935,35.67,528.26764,21.912633,29.41,528.26794,22.0004315,0,527.93274,22.2095565,28.11,528.26648,22.1070325,21.26,528.6015,21.9624815,25.05,528.26678,21.761447,35.07,528.26807,22.0844315,35.24,528.2691,22.219827,27.81,528.60419
ARPEPNPVIEGDLKPAK,3,77050691,611.00726,12,26.89256,42.69,611.00977,26.918084,33.06,611.01074,26.9240885,44.75,611.01038,26.9639235,36.07,611.34491,27.1522425,36.59,611.34497,27.083062,36.98,611.34448,27.192713,35.74,611.34515,27.272909,37.53,611.34442,27.3574355,28.75,611.67834,27.1769495,0,611.00977,27.254876,22.8,611.68231,27.460057,0,611.00977
PGIVELPTLEELKVEEVK,3,53097493.3333333,674.71716,12,56.253271,29.1,674.71997,56.6534385,54.16,675.05414,56.3440765,28.32,675.38794,56.356878,34.08,674.72009,56.5758155,22.65,675.38605,56.497202,16.45,675.38892,56.5943965,23.64,675.38727,56.760267,0,674.71997,56.2766685,21.38,675.05249,56.704674,0,674.71997,56.3892975,0,674.71997,57.156265,22.08,675.39014
TDRPLPENPYHSR,2,4859824,791.39203,12,21.9446545,0,791.39575,21.8859975,31.68,791.39575,21.917932,28.02,791.39606,21.8991155,0,791.39575,21.8683815,0,791.39575,22.0268525,0,791.39575,22.2221735,0,791.39575,22.1119985,0,791.39575,21.541319,28.91,791.39337,22.1305105,24.95,791.89935,22.0714225,0,791.39575,22.2163715,0,791.39575
SHcAEPFTEYWTcLDYSNMQLFR,3,27772302.3333333,985.75604,12,65.79784,0,986.09033,65.855755,92.81,986.09033,65.936203,88.03,986.09106,65.983868,80.92,986.09186,66.0875855,44.37,986.42383,66.258598,44.04,986.42712,66.2935675,0,986.09033,66.470276,0,986.09033,66.4103585,0,986.09033,66.43396,0,986.09033,66.749424,41.23,986.43225,66.7904015,0,986.09033

