PeptideSeq,Charge,Abun,mz,NDP,t0,i0,m0,t1,i1,m1,t2,i2,m2,t3,i3,m3,t6,i6,m6,t7,i7,m7,t9,i9,m9,t13,i13,m13,t16,i16,m16,t21,i21,m21,t24,i24,m24,t31,i31,m31
LPLGLLLHPFK,3,21859075.8333333,416.60065,12,55.840847,49.33,416.60257,55.899063,56.62,416.60226,55.9045505,48.11,416.60278,55.9838125,59.83,416.60391,56.1027485,44.37,416.93753,56.09083,26.66,416.9368,56.1943685,44.44,416.93658,56.3541375,47.75,416.93652,56.329567,31.55,416.93716,56.413166,38.81,416.93768,56.6567075,44.27,416.93909,56.788509,44.27,416.93793
AAFLQSLVEDR,2,163084156.25,624.83276,12,50.9065605,67.46,624.83527,51.34255,70.29,624.83514,51.4234215,0,624.83527,51.4880295,0,624.83527,51.685528,0,624.83527,51.8068905,59.44,625.3385,51.799986,57.31,625.33734,51.942457,31.4,625.83643,51.8751965,59.34,625.33734,50.0791245,0,624.83527,52.174572,61.66,625.34125,52.267677,56.35,625.33984
DALVNAVIDSLSAYR,3,17503174.2857143,536.28601,12,76.4656145,53.94,536.28796,76.564621,37.05,536.62286,76.629738,37.74,536.6239,76.5992275,24.69,536.95892,76.747055,0,536.28796,76.966263,0,536.28796,77.0171545,0,536.28796,77.164692,0,536.28796,77.097389,27.73,536.95782,76.854546,0,536.28796,77.450249,23.04,536.96057,77.6349565,27.89,536.95966
DALVNAVIDSLSAYR,2,17361496.5,803.92535,12,76.022362,82.86,803.92944,76.564621,68.56,804.43164,76.615883,75.11,804.43201,76.5992275,40.4,804.935,76.865696,26.82,804.93585,76.746624,34.34,804.93402,77.0433845,46.71,804.93457,76.9958915,25.1,804.93298,77.0973855,25.91,804.93256,77.075775,28.34,804.93549,77.295616,31.94,804.93805,77.647785,44.87,804.93719
DLVQLPVVTSSTIVR,2,18218267.2,813.97491,12,59.572111,31.81,813.97815,59.6468965,39.57,813.98004,59.7063675,35.36,813.98138,59.7124995,0,813.97815,59.8688125,0,813.97815,59.867071,0,813.97815,59.913433,0,813.97815,59.576828,0,813.97815,59.523224,0,813.97815,60.216631,27.78,814.48431,60.500351,31.69,814.48627,59.774517,0,813.97815
cTLTSVPQTQALLNK,2,16748245.3333333,837.44818,12,41.6711215,46.35,837.4527,41.8150215,51.64,837.95514,41.701668,22.06,837.4516,41.7437285,16.11,837.95892,41.9425775,0,837.4527,41.925268,18.31,837.95251,41.980427,16.45,838.45715,42.253338,0,837.4527,42.123358,0,837.4527,42.3286725,0,837.4527,42.31492,0,837.4527,42.2930165,0,837.4527
TLETQSALGPALQAAFK,2,52300576.6666667,873.47522,12,54.1842555,86.58,873.48077,54.2868405,76.55,873.98492,54.2901705,0,873.48077,54.3033525,16.83,873.98511,54.431328,0,873.48077,54.4710125,0,873.48077,54.56352,0,873.48077,54.669857,0,873.48077,54.658064,0,873.48077,54.7669585,0,873.48077,55.0058535,0,873.48077,55.087795,0,873.48077
VNDVPEEFMYNPLTR,2,10128784,912.43524,12,57.660778,76.88,912.94031,57.7368715,23.33,913.44525,57.35771,46.33,912.94202,57.838762,0,912.94031,58.0279595,44.4,912.93951,58.1660805,27.98,913.44543,58.092747,0,912.94031,58.51087,45.02,912.44092,58.2632655,0,912.94031,58.2879545,0,912.94031,58.5442105,0,912.94031,58.6988085,0,912.94031
MSVFQTQLPTLGVGALKPR,3,16428700.4,681.71881,12,54.8218215,79.89,681.72058,54.8714735,59.22,682.05658,54.8619725,81.38,682.05621,54.912052,38.66,682.0564,55.042578,0,681.72058,55.1190395,22.83,682.3913,55.1793955,0,681.72058,55.311485,30.83,682.05518,55.3276405,33.03,682.05286,55.399769,61.61,682.39154,55.669214,58.81,682.0603,55.712753,31.95,682.39117
TESALSYYEFLLHIQQQVNK,3,82180405,804.4129,12,63.525959,30.65,805.08521,63.6182675,34.8,804.75006,63.674801,0,805.08521,63.7061175,0,805.08521,63.903406,0,805.08521,64.7766535,0,805.08521,64.307972,0,805.08521,65.4230385,0,805.08521,64.8849905,0,805.08521,64.9115755,0,805.08521,65.1684875,0,805.08521,64.9394035,0,805.08521
TQTPLGANHLTASMSGLSLHPEGLR,4,5495515,647.83667,12,44.7380925,46.61,648.34412,44.82542,25.5,648.09106,44.836567,0,648.34412,44.8565845,0,648.34412,45.0331115,0,648.34412,44.983917,0,648.34412,45.106468,0,648.34412,45.28113,0,648.34412,45.1643085,0,648.34412,45.308546,0,648.34412,45.381426,0,648.34412,45.4182685,0,648.34412
LALDcSGQQAAVDLFLLSGQYSDLASLGcISR,3,27826595.3333333,1143.56567,12,82.5325315,79.43,1144.24231,82.7087025,52.7,1144.24695,82.8112145,59.86,1144.24158,82.7903555,0,1144.24231,82.985153,0,1144.24231,83.170929,0,1144.24231,83.2280425,0,1144.24231,83.4314425,0,1144.24231,83.2450825,0,1144.24231,83.2692295,0,1144.24231,83.5652505,0,1144.24231,83.8294715,0,1144.24231
TYINPFVNFLDQR,2,311483050,813.91736,12,65.649498,0,814.42749,65.9442175,0,814.42749,65.9354475,0,814.42749,65.965172,34.14,814.42749,66.0899465,0,814.42749,66.3100015,29.33,814.42767,66.163242,0,814.42749,66.419327,0,814.42749,66.234367,0,814.42749,66.23518,0,814.42749,66.5655285,0,814.42749,66.81591,0,814.42749

