Protein,Peptide,charge,time,RSS,theta,min_rss_decoy,diff,abs_diff,perc_diff,abs_perc_diff,exp_RIA_decoy,theoRIA,min_kl,min_kl_decoy
RL6_MOUSE,SSITPGTVLIILTGR,2,0,0.00196098382412927,0,0.0159659325409736,0,0,0,0,0.30332119313733,0.445177122547308,0.0157900828618248,0.0311040736045185
RL6_MOUSE,SSITPGTVLIILTGR,2,1,0.00212259556592427,0,0.0253790128832295,-0.00764252592831427,0.00764252592831427,-0.0182715686025807,0.0182715686025807,0.278552661417611,0.41827421030698,-0.0108433662122714,0.0645729787334314
RL6_MOUSE,SSITPGTVLIILTGR,2,2,0.000832182634471743,0,0.045937639502992,-0.0152414383211245,0.0152414383211245,-0.036655853728058,0.036655853728058,0.239917746897547,0.415798208771714,0.0134347634462605,0.171993307611491
RL6_MOUSE,SSITPGTVLIILTGR,2,3,0.00260427312940453,0,0.00212259556592427,-0.0667092039880798,0.0667092039880798,-0.171866501306084,0.171866501306084,0.425916736235295,0.388145470357104,-0.0150946017966866,-0.0108433662122714
RL6_MOUSE,SSITPGTVLIILTGR,2,6,0.000471023081989433,0.1,0.0167434162790111,-0.0383596335113681,0.0383596335113681,-0.111173217645831,0.111173217645831,0.278552661417611,0.345043836309316,-0.00561391581372625,0.0363274135813381
RL6_MOUSE,SSITPGTVLIILTGR,2,7,0.000841970331934014,0.08,0.00467776210275689,-0.0442955549448183,0.0442955549448183,-0.130009444476284,0.130009444476284,0.445177122547308,0.340710285496978,0.00172085613876612,0.029423921390992
RL6_MOUSE,SSITPGTVLIILTGR,2,9,0.000901646156849073,0.19,0.0254884742100488,-0.00589796213071941,0.00589796213071941,-0.0168186568956386,0.0168186568956386,0.239917746897547,0.350679734256834,-0.0051661969338367,0.099876663216319
RL6_MOUSE,SSITPGTVLIILTGR,2,13,0.00270434590400347,0.33,0.00397115109326788,0.0147687727304712,0.0147687727304712,0.0448651319851571,0.0448651319851571,0.278552661417611,0.329181528661437,-0.00796538192537687,-0.0070881233352761
RL6_MOUSE,SSITPGTVLIILTGR,2,16,0.00200076822356296,0.39,0.00841462378149394,0.0113399644493091,0.0113399644493091,0.0360386535671684,0.0360386535671684,0.383403469820684,0.314661157586639,-0.0137004877695468,0.013855923366373
RL6_MOUSE,SSITPGTVLIILTGR,2,21,0.00290581911885303,0.48,0.0303730740210932,0.0155218017706981,0.0155218017706981,0.052944444074573,0.052944444074573,0.431039647092838,0.293171494044502,0.0209229490906565,0.134685438535541
RL6_MOUSE,SSITPGTVLIILTGR,2,31,0.00145536307587878,0.56,0.0394813711343375,-0.007519277758681,0.007519277758681,-0.0290636657028434,0.0290636657028434,0.431039647092838,0.258717459647403,0.0254546294389116,0.166041506044712
RL6_MOUSE,QLDSGLLLVTGPLVINR,2,0,0.000118634214579373,0.830000000000001,0.0238273376197132,0,0,0,0,0.239917746897547,0.349129255298272,-3.1836917664798E-06,0.106043278103559
RL6_MOUSE,QLDSGLLLVTGPLVINR,2,2,0.00125991337128002,0.2,0.028121612017188,0.00633884611832741,0.00633884611832741,0.0201290273199334,0.0201290273199334,0.425916736235295,0.314910701723285,0.00383222542142474,0.0140636095480424
RL6_MOUSE,QLDSGLLLVTGPLVINR,2,3,0.0370250805990825,0.66,0.0673001008584857,0.088659144988559,0.088659144988559,0.294485989242099,0.294485989242099,0.385005840441797,0.301064051355162,0.125959650170908,0.206984639438673
RL6_MOUSE,QLDSGLLLVTGPLVINR,2,6,0.00224239539789246,0.46,0.00862263677741468,0.0248850397303475,0.0248850397303475,0.0939757471862123,0.0939757471862123,0.308571855604958,0.264802786627894,0.0089482531129597,0.0216982870903604
RL6_MOUSE,QLDSGLLLVTGPLVINR,2,7,0.00103280844930842,0.25,0.00670945235427547,-0.0242678251189841,0.0242678251189841,-0.0954355968378879,0.0954355968378879,0.239917746897547,0.254284836298627,-0.0248019916854819,0.0316954290552259
RL6_MOUSE,QLDSGLLLVTGPLVINR,2,9,0.00102734184171255,0.44,0.0084613163231841,-0.0111794870885581,0.0111794870885581,-0.0475119025806514,0.0475119025806514,0.277649692273803,0.235298661626545,0.00348743188858922,0.0679310366604716

