Protein,Peptide,charge,time,RSS,theta,min_rss_decoy,diff,abs_diff,perc_diff,abs_perc_diff,exp_RIA_decoy,theoRIA,min_kl,min_kl_decoy
MSI2H_MOUSE,MFIGGLSWQTSPDSLR,2,0,0.0140259786678451,0,0.0162698554636367,-0.0473804291991644,0.0473804291991644,-0.141670940076439,0.141670940076439,0.399301395521507,0.33444,-0.119444739050101,-0.118099746796572
MSI2H_MOUSE,MFIGGLSWQTSPDSLR,2,2,0.00953713071536562,0,0.0108526312729521,-0.00522537986486105,0.00522537986486105,-0.0147752330222357,0.0147752330222357,0.359860667800612,0.353658034157378,-0.0225115755504722,0.0445611344961339
MSI2H_MOUSE,MFIGGLSWQTSPDSLR,2,3,0.0140396064563467,0.1,0.0113514735593402,-0.00761066320524845,0.00761066320524845,-0.0222119610175475,0.0222119610175475,0.358883414022239,0.342638058802463,-0.0278316665937924,-0.0367507662690542
MSI2H_MOUSE,MFIGGLSWQTSPDSLR,2,6,0.0162698554636367,0,0.0151955522044309,-0.0791762668872684,0.0791762668872684,-0.247329121662711,0.247329121662711,0.350248722007712,0.320125128634238,-0.118099746796572,-0.00114977893399369
MSI2H_MOUSE,MFIGGLSWQTSPDSLR,2,13,0.0099137217531022,0.09,0.0237250090348569,-0.0322190208281261,0.0322190208281261,-0.0983361581955169,0.0983361581955169,0.399301395521507,0.327641646972486,0.0289558423918096,-0.139111402782329
MSI2H_MOUSE,MFIGGLSWQTSPDSLR,2,21,0.00771863001024351,0.24,0.017539661980228,0.018549331227303,0.018549331227303,0.0644179236902048,0.0644179236902048,0.358883414022239,0.287952951053024,-0.0747377066491131,-0.0503352330321315
MSI2H_MOUSE,MFIGGLSWQTSPDSLR,2,31,0.00618225752303131,0.29,0.00801678530141202,0.0124246255183423,0.0124246255183423,0.0461732147890148,0.0461732147890148,0.269403619825721,0.269087296067986,0.0782316488816722,-0.0862283171377357

