protien,peptide,charge,rsquared,rateconstant,mo,io_e,io_a1a0,io_a2a0,io_a2a1
AMACR_MOUSE,PAPLLSR,2,0.764237860487367,0.06337,0.63993,0.654649087368881,0.652705232639833,0.655464763161856,0.659666680664496
AMACR_MOUSE,TPAVPSAK,2,0.850802271441674,0.46733,0.63933,0.613305275460235,0.602896420864635,0.625344644318675,0.659180900106416
AMACR_MOUSE,ADVLLEPFR,2,0.980348223139381,0.10188,0.52965,0.549044952535911,0.557174994615715,0.537813535190513,0.511924451783711
AMACR_MOUSE,LGSTGENFLAR,2,0.98607983047807,0.10591,0.51412,0.528651794624444,0.528894932602937,0.520637948773696,0.508747813532957
AMACR_MOUSE,LSGFGQSGIFSK,2,0.974733504115739,0.11578,0.48227,0.497941392338005,0.494838543035775,0.499934634789909,0.505958208494107
AMACR_MOUSE,ASFITDGEQLPSPR,2,0.87192594190567,0.08232,0.41795,0.426777277695266,0.419877496111405,0.424478071670806,0.431104768244754
AMACR_MOUSE,LQLGPETLLQDNPK,2,0.993450756528625,0.12499,0.40347,0.419563887157164,0.406335223598176,0.419506483221347,0.436154911673589
AMACR_MOUSE,RDPSVGEHTVEVLR,3,0.98443510120175,0.10509,0.4068,0.405065707860754,0.374393872686086,0.428582330780094,0.49945924661404
AMACR_MOUSE,GQNILDGGAPFYTTYK,2,0.982078817070948,0.10367,0.35391,0.37027578236909,0.367712077190425,0.372187452363565,0.377573551080618
AMACR_MOUSE,VAGHDINYLALSGVLSK,2,0.866471709845811,0.05592,0.35543,0.380740031421823,0.347341027974288,0.350486658350833,0.35443598376256
AMACR_MOUSE,VAGHDINYLALSGVLSK,3,-0.117072406723258,0.03029,0.35543,0.376177355194948,0.368934853233248,0.374835071149339,0.381172430392103
AMACR_MOUSE,EYGFSQEEILQLHSDR,3,0.995987223536707,0.11343,0.32548,0.326425547403962,0.325536131606549,0.324245269439667,0.321789475600974
AMACR_MOUSE,EYGFSQEEILQLHSDR,2,0.530263109104102,0.02641,0.32548,0.297972620701198,0.340532661959556,0.273163463995504,0.200243509031472
AMACR_MOUSE,GQVIDSSMVEGTAYLSSFLWK,3,0.985344814059525,0.09806,0.24395,0.260172639475684,0.256729523104485,0.248132203894249,0.236593797794408
AMACR_MOUSE,GQVIDSSMVEGTAYLSSFLWK,2,0.936360249122662,0.1028,0.24395,0.249972400208846,0.238948936256214,0.248132203894249,0.26021599527068
AMACR_MOUSE,TADGEFMAVGAIEPQFYALLLK,3,-2.51226711639934,0.01106,0.22845,0.427705291770278,0.434282489007353,0.346990026357606,0.346990026357606
AMACR_MOUSE,TADGEFMAVGAIEPQFYALLLK,2,-2.41659396163,0.00966,0.22845,0.448681153583717,0.468620851585978,0.346990026357606,0.346990026357606
AMACR_MOUSE,GLGLESEELPSQMSSADWPEMK,2,0.991269510892455,0.08969,0.23367,0.232384858352379,0.204009396015823,0.225629021400956,0.259515411143229
AMACR_MOUSE,VVELAGLAPGPFcGMVLADFGAEVVR,3,-3.05092952255191,0.19586,0.19454,0.142334833708617,0.123856693336419,0.136913884618159,0.154481010315519

