Protein,Peptide,charge,time,RSS,theta,min_rss_decoy,diff,abs_diff,perc_diff,abs_perc_diff,exp_RIA_decoy,theoRIA,min_kl,min_kl_decoy
TPPC4_MOUSE,AGGLIYQWDSYSPR,2,16,0.0113658421115191,0.69,0.0152435979284527,-0.00932519656221328,0.00932519656221328,-0.0627429322403576,0.0627429322403576,0.230820174529496,0.148625450377264,0.0761863620385825,0.0358306609037757
TPPC4_MOUSE,NPFYSLEMPIR,2,2,0.00702642457843891,0.66,0.0164507798678991,0.0042753033170492,0.0042753033170492,0.0181853915532984,0.0181853915532984,0.157950646939477,0.235095477846545,0.0145720281672958,0.0545628688862411
TPPC4_MOUSE,NPFYSLEMPIR,2,3,0.00409050059189031,0.74,0.00792939911997208,-0.0169794405806011,0.0169794405806011,-0.0842806329489576,0.0842806329489576,0.230820174529496,0.201463135556709,0.0185498208890321,0.015772211929132

