proteinName,peptideSeq,charge,old_Rsquared,new_Rsquared,NDP,rateconstant,sigma,Abundance,MassToCharge,RMSE,selected_A1A0_count, selected_A2A0_count, selected_A2A1_count,improved_timePoints,new_k,I0_percentatediffI0_percentatediff,selected_io_t,i0,I0_asymptote,new_rmse,lowerci_old,upperci_old,sigma_old,lowerci_new,upperci_new,sigma_new,old_pearson,new_pearson
ANXA2_MOUSE,DALNIETAVK,2,0.723751942496065,0.812226948740265,12,0.049,0.00724009299655569,49855453.3333333,537.29547,0.0419042736201173,4,2,3,0| 1| 2| 3| 13| 16| 21| 24| 31,0.0537270499455468,0.0810610510740964|0.0155683740525798|,0.438991611264766| 0.505701026320966| 0.523434787290222| 0.503019814771423| 0.45921379300363| 0.45467880647872| 0.431369117080258| 0.38462249881036| 0.349081338959275| 0.331479910304564| 0.329034939181888| 0.288908929466083,0.54358,0.232849602449793,0.0325250728798109,0.0323560830851919,0.0656439169148081,0.00756203050645007,0.036081398533066,0.061918601466934,0.00586946323354389,0.861484826315554,0.932122125653915
ANXA2_MOUSE,QDIAFAYQR,2,0.816409360099767,0.916658719947874,12,0.06865,0.00762135671066291,86906398.1818182,556.28015,0.0365399571142058,7,0,2,2| 3| 6| 7| 9| 13| 16| 24| 31,0.070448684012105,,0.547209879173132| 0.480987209676241| 0.4765696981036| 0.446154649286986| 0.422319673515464| 0.403758390241015| 0.374358364246592| 0.312415454020407| 0.321267983022749| 0.275080434383578| 0.290708782395141| 0.281015428161855,0.547209879173132,0.194154031264457,0.0250861763129755,0.0526128337155311,0.0846871662844689,0.00728635821128551,0.0576398288682916,0.0796601711317084,0.00500238317731199,0.949687581822558,0.98105504273737
ANXA2_MOUSE,PYTNFDAER,2,0.511162207629835,0.758522549505294,12,0.01541,0.00365494207896459,11542274,556.75397,0.0382320622103626,2,2,1,2| 6| 7| 16| 31,0.0145934677947028,0.0241291446005995|0.0382824218756534|,0.509742879983765| 0.566524301830022| 0.499588468519438| 0.4798163542949| 0.487282399103273| 0.47423756435344| 0.473453076283951| 0.45785739980094| 0.431259220861827| 0.426745551176984| 0.42580745484116| 0.421291885475763,0.509742879983765,0.218355029537202,0.020074556315598,0.00673998354825301,0.024080016451747,0.00393915261864851,0.0108576237101701,0.0199623762898299,0.00206833575033684,0.729952505233053,0.878269491053166
ANXA2_MOUSE,TPAQYDASELK,2,0.971859582435443,0.988527840801199,12,0.06177,0.00304075083434342,117673828.333333,611.80115,0.0160608464436902,4,2,1,1| 2| 6| 7| 16| 21| 24,0.062834741724615,-0.0401922892993312|-0.0304029839330479|-0.0928170665155329|-0.0877703643111152|-0.0108971856511926|,0.517139124689365| 0.49765755460897| 0.48048756259062| 0.444334233604756| 0.426825457141265| 0.409084800991691| 0.350348658946628| 0.307033405082913| 0.298675967541951| 0.261573929289945| 0.24349868490224| 0.2226566144212,0.517139124689365,0.166989861551805,0.0106800711848696,0.0551463442152037,0.0683936557847963,0.00300940501957749,0.0573654304442348,0.0661745695557652,0.00200118094310145,0.992913043533401,0.994313558642597
ANXA2_MOUSE,SLYYYIQQDTK,2,0.707284404123274,0.867279605294668,12,0.27799,0.0758271157576376,95177421.25,711.35101,0.0439111101615503,5,1,2,0| 1| 2| 3| 7| 13| 16| 31,0.308103071744539,,0.354241839518729| 0.380719041439923| 0.327285124728356| 0.276076738393603| 0.240014123434749| 0.225381759096927| 0.219817191056739| 0.195118105016253| 0.215618279922478| 0.201707066385712| 0.207100232525098| 0.188089567381684,0.42669,0.200832627652647,0.023122866717206,0.103674529858932,0.452305470141068,0.0791988394138255,0.186198347090519,0.369781652909481,0.0417048032077955,0.860567212308851,0.963384086559059
ANXA2_MOUSE,SYSPYDMLESIK,2,0.919691010615307,0.981348408971359,12,0.06178,0.00519164756156068,32763361.1111111,716.83685,0.0207848635776006,2,4,2,1| 3| 7| 9| 13| 16| 21| 24,0.0630917701543862,-0.0241560009553924|-0.0409226854387486|0.0196502157685455|0.010353728680091|,0.435053016155839| 0.434639092749316| 0.407001720107763| 0.390042807438382| 0.354564727034643| 0.347178390267975| 0.334781192239751| 0.258751566301079| 0.266256508416714| 0.244605693471446| 0.23282623303006| 0.202930648155402,0.435053016155839,0.16960726113369,0.0107422086721772,0.0508120079455256,0.0727479920544744,0.00498321945098425,0.0561114297481886,0.0674485702518114,0.00257546954791727,0.973038145631122,0.99167148995059
ANXA2_MOUSE,GVDEVTIVNILTNR,3,0.921009621595337,0.983968630978393,12,0.05269,0.00409111894952708,30301045.7142857,514.95441,0.0184875175710556,5,1,2,1| 2| 3| 6| 13| 16| 21| 24,0.0564773762286771,-0.00800514818763366|0.0184934699499754|,0.436989723792596| 0.406031998029855| 0.395985385046537| 0.389319153814749| 0.366256673259776| 0.354796015983954| 0.339663499834291| 0.301858484020151| 0.285279761275396| 0.263332659376792| 0.243758227753404| 0.219852649218632,0.436989723792596,0.178578170177948,0.00847586265483185,0.0440641280930291,0.061315871906971,0.00391909589786587,0.0487353476092365,0.0566446523907636,0.00179676467831637,0.984022029791988,0.996491104029209
ANXA2_MOUSE,GVDEVTIVNILTNR,2,0.962310281231235,0.985475036791535,12,0.05876,0.00331273185706638,52422620.8333333,771.92792,0.0133961010912905,8,0,2,1| 2| 3| 6| 7| 9| 13| 16| 21| 31,0.0616643572622924,-0.00707742662861544|-0.000617579482578376|-0.0267354399752837|-0.0136035990159658|,0.432159591156767| 0.396736748864007| 0.401375091935751| 0.387327221354579| 0.346719731209679| 0.346852897103431| 0.319035130713968| 0.301472794219274| 0.265335881664512| 0.254952167155988| 0.232872487182955| 0.216707158417654,0.432159591156767,0.176604310837876,0.00827460634286385,0.0516848260301617,0.0658351739698383,0.00321454869501045,0.0543897523429595,0.0631302476570405,0.00198558706297549,0.989648453514008,0.995161530509348
ANXA2_MOUSE,SYSPYDMLESIKK,3,0.819893090684884,0.959687646483396,12,0.04136,0.00524001482562125,24684574.2,520.92529,0.0272026723633166,1,2,3,1| 3| 9| 13| 21| 31,0.0425309758644073,0.0275764050510372|-0.0631436477280937|,0.398573585284371| 0.385543229539584| 0.383080745452799| 0.353457419786809| 0.338319460641036| 0.353292027211777| 0.332869035962087| 0.269837005037509| 0.279195123192377| 0.250559149650578| 0.25358071888604| 0.226164229443947,0.398573585284371,0.155385600489901,0.0115014993553094,0.0299248038863829,0.0527951961136171,0.00519548987783495,0.0365251110239462,0.0461948889760538,0.00219669312934921,0.925435257581536,0.980235742119746
ANXA2_MOUSE,SALSGHLETVILGLLK,3,0.960876849351901,0.983411054552319,12,0.06545,0.00442259619561376,39306235.4545455,550.9978,0.0163970881751625,2,7,2,0| 1| 2| 3| 7| 9| 13| 16| 21| 24| 31,0.0800929987499999,0.042542729751465|0.0178729875913811|0.0100308595729417|-0.00888353542869764|-0.00915848699458038|,0.404256133755855| 0.360778547733818| 0.343460085686444| 0.335742149761416| 0.291188266166151| 0.290990946169837| 0.257032744096628| 0.234413039228502| 0.213054847001619| 0.169343190525001| 0.17557068226515| 0.144223234119062,0.404256133755855,0.124532996924275,0.0102760430642036,0.0552830969419094,0.0756169030580905,0.00461925107382619,0.059078409353023,0.0718215906469769,0.00289488124061613,0.98760950544086,0.994519383749941
ANXA2_MOUSE,AEDGSVIDYELIDQDAR,2,0.630155957898358,0.775052251754006,12,0.03248,0.00882214558952329,31774000,954.9447,0.064485442368286,2,3,6,0| 1| 2| 3| 6| 7| 9| 13| 16| 21| 24,0.0317549077490778,-0.0178265942814061|,0.34697603515344| 0.348623090870657| 0.439048650195641| 0.307145356696769| 0.300273455632912| 0.324700160761477| 0.323434160624709| 0.258699295897239| 0.209947119534419| 0.194751805542297| 0.162963248379989| 0.148660470303309,0.34697603515344,0.0552788349887957,0.0394679588728904,0.0121991751166428,0.0527608248833572,0.00921443054834468,0.0200672331334383,0.0448927668665617,0.0056396413293123,0.891240146410721,0.922170667307473
ANXA2_MOUSE,RAEDGSVIDYELIDQDAR,3,0.0701364373689943,0.93299165715744,12,0.04737,0.0100551593407498,16000396.1666667,688.99927,0.052714084220899,5,3,1,1| 2| 3| 6| 9| 16| 21| 24| 31,0.051199521007283,,0.317475802172644| 0.298008778807499| 0.298434883044303| 0.259963090634326| 0.215248470492799| 0.234341468192206| 0.203542355324464| 0.192868181226459| 0.174785199544682| 0.170214239525633| 0.132385859378115| 0.0735396943667543,0.317475802172644,0.0439142398251194,0.0179688728055426,0.0242966544019213,0.0704433455980787,0.0104831899961781,0.0395048911134867,0.0552351088865133,0.00357344930528034,0.692812539937046,0.971480783568189
ANXA2_MOUSE,LSLEGDHSTPPSAYGSVKPYTNFDAER,4,0.829650583343925,0.899376543515641,12,0.04459,0.0057240080616831,29601337.5,735.35181,0.019490564174967,3,0,3,0| 3| 6| 7| 16| 31,0.0476227644137241,,0.228954501791738| 0.181226122083664| 0.169574510614935| 0.166524449081163| 0.144580950181664| 0.123313721541759| 0.138060746645002| 0.109552092168897| 0.0879180336162543| 0.0849668389846035| 0.0766632969272782| 0.0298028123784711,0.18356,0.0144282661019822,0.0165615350647416,0.031431341037516,0.057748658962484,0.00597853143629587,0.0334088156147859,0.0557711843852141,0.0050800816810138,0.918370250144234,0.965679586659955
ANXA2_MOUSE,DIISDTSGDFRK,3,0.766140411175809,0.95701052009331,12,0.05921,0.00882039187849664,7486132.83333333,451.89301,0.0417032997840064,2,4,3,1| 3| 6| 7| 9| 13| 16| 21| 24,0.0664009083277929,-0.0576188462122012|,0.508946074753363| 0.495149939698721| 0.476206130229442| 0.418253105321682| 0.416721878844482| 0.391288545685176| 0.385407397673306| 0.323998446937608| 0.303900359753506| 0.277847375266969| 0.280573192071194| 0.273126104736741,0.508946074753363,0.2079835149438,0.0172202490836469,0.0418212357670614,0.0765987642329386,0.00790044592700163,0.0520297803795169,0.0663902196204831,0.00326227534606331,0.941585020201885,0.983377498315365
ANXA2_MOUSE,GLGTDEDSLIEIIcSR,3,0.627244148582629,0.6851709752757,12,0.01566,0.00428308956100186,20201435,593.29272,0.0426914530796282,6,2,1,0| 1| 2| 3| 6| 7| 21| 24| 31,0.0136647781661574,,0.428094279597935| 0.395162939918065| 0.409053855108508| 0.382555832657649| 0.361340722861097| 0.343313685144819| 0.327426971424965| 0.309724106513233| 0.346342605610499| 0.289959021025374| 0.29216263246161| 0.25659826591554,0.36898,0.0898165175790804,0.0282389477515706,0.0058138023301758,0.0255061976698242,0.00447354114616514,0.00914707430896791,0.0221729256910321,0.00295909568726628,0.971281658235808,0.941250427021619
ANXA2_MOUSE,WISIMTER,2,-0.637618551534451,-0.355233217657145,12,0.03295,0.017553783954797,106376600,518.26819,0.100045553174733,4,4,0,1| 2| 3| 6| 13| 16| 21| 24,0.0272884717245544,-0.0462577818677156|0.0335149642727054|,0.497391512645565| 0.262080734154305| 0.393856385266503| 0.482087761151995| 0.514498456593321| 0.414455475901203| 0.422767341232983| 0.412243332822094| 0.427226268378507| 0.481506144969836| 0.383211447812811| 0.344093316481845,0.497391512645565,0.269640322247017,0.0791301294398632,0,0.0730032465224069,0.0181978721496338,0.00364667495188215,0.0622533250481178,0.013313731322291,-0.172673015946712,0.1245469998635
ANXA2_MOUSE,TNQELQEINR,2,0.960539680550346,0.981235652279788,12,0.06528,0.00377578534456543,52983613.3333333,622.81512,0.0192204192874642,4,2,1,2| 3| 7| 9| 13| 16| 31,0.0636466527183975,-0.0123269496271145|-0.0569134827417281|-0.0089180783178715|0.0625476555612471|,0.526231376523679| 0.472205507349175| 0.476144749186751| 0.472256645180765| 0.407278893456156| 0.408382774437135| 0.369869346460133| 0.31257817356252| 0.313949077825731| 0.257608223016717| 0.263227528417452| 0.210034412513762,0.526231376523679,0.169925848798793,0.0134270233836451,0.057062216498051,0.073497783501949,0.00373368419556646,0.0595392110196905,0.0710207889803095,0.00260828154949325,0.989337419708913,0.991762221094015

