proteinName,peptideSeq,charge,old_Rsquared,new_Rsquared,NDP,rateconstant,sigma,Abundance,MassToCharge,RMSE,selected_A1A0_count, selected_A2A0_count, selected_A2A1_count,improved_timePoints,new_k,I0_percentatediffI0_percentatediff,selected_io_t,i0,I0_asymptote,new_rmse,lowerci_old,upperci_old,sigma_old,lowerci_new,upperci_new,sigma_new,old_pearson,new_pearson
DHTK1_MOUSE,LAFEYQR,2,0.844306091264963,0.994878733357208,12,0.12371,0.0163142615240962,38690466.6666667,463.74014,0.0359145785100339,2,4,3,1| 2| 3| 6| 7| 9| 21| 24| 31,0.128503945949529,0.0207577819946517|0.0130942546902934|-0.0386239787611823|0.0412990370695183|,0.593268088805182| 0.556238942468431| 0.50918400053388| 0.497867523950457| 0.425922350198633| 0.416987354312603| 0.382341026431169| 0.34070432506034| 0.30878462143828| 0.30385650689973| 0.281403151258049| 0.282410169168791,0.593268088805182,0.279236891366586,0.00752520997507924,0.091317217785433,0.156102782214567,0.0147174014716098,0.116922714781728,0.130497285218272,0.00308374874371592,0.95498958214481,0.998080877817688
DHTK1_MOUSE,KPLIVASPK,2,0.744635914988443,0.826482921387015,12,0.03983,0.00540587477921851,19700003,476.81311,0.0363034804899335,0,2,1,2| 13| 21,0.0542706898484781,,0.603671205360358| 0.57698756808377| 0.572543740379897| 0.543352449524253| 0.502288927367275| 0.503570898314899| 0.444105418475725| 0.435942869639171| 0.42830934979598| 0.417051221215435| 0.396996710983874| 0.389906816237397,0.603671205360358,0.29783597473467,0.0301707098098071,0.0290984548354141,0.0505615451645859,0.00487579169803135,0.0309113417721384,0.0487486582278616,0.00405212102060465,0.958471249342173,0.965189778135596
DHTK1_MOUSE,ETFTTEER,2,0.942857581096024,0.986021155555963,12,0.12464,0.0108738564482885,21485342,506.73273,0.022940944118969,3,4,1,1| 2| 6| 7| 9| 13| 21| 24,0.129474643084922,-0.0445823872927146|-0.0251307378307489|0.0374351450908986|0.0364550816622942|0.00878810809474181|,0.573672811219606| 0.506278812268068| 0.516826124455261| 0.469548074606| 0.420316804082819| 0.39610716637223| 0.368097222261928| 0.328475108485595| 0.301532254816521| 0.296317827867668| 0.26802814631499| 0.271969074261391,0.573672811219606,0.270013869765203,0.0118324185601766,0.100224494966978,0.149055505033022,0.0110929893987772,0.112047036370838,0.137232963629162,0.0057215122869072,0.975499412104177,0.994078780545274
DHTK1_MOUSE,SSLYSSDIGK,2,0.928877554596813,0.983354606905513,12,0.10558,0.00948647996955145,33821825,528.76404,0.0240573390132259,4,2,3,1| 3| 6| 9| 13| 16| 21| 24| 31,0.107275402234358,-0.0340291974151193|-0.00597981254830872|-0.00883069247505538|,0.56675590774259| 0.540293001715417| 0.513920918224278| 0.470733909062758| 0.441171803682198| 0.414662749554282| 0.375970703872273| 0.344041781019137| 0.29680747747025| 0.310007846011267| 0.279150065865093| 0.299881343132099,0.56675590774259,0.266758251165027,0.0125875870387022,0.0859425387103737,0.125217461289626,0.00892212344615025,0.0953050376250498,0.11585496237495,0.00466834696001577,0.971553412399174,0.991649620437954
DHTK1_MOUSE,DVIVDLLcYR,2,-0.673129715658039,0.823919663222825,12,0.86391,0.785421106807799,23522751.8181818,633.33154,0.0953397605769691,1,4,5,0| 1| 2| 3| 6| 7| 9| 13| 21| 31,1.65051795336585,,0.49128964392011| 0.337518723004521| 0.250549180591676| 0.254278978247808| 0.280211240603098| 0.333947560265267| 0.254979374321258| 0.254979374321258| 0.265690746286739| 0.254979374321258| 0.258842623625803| 0.254979374321258,0.49128964392011,0.279176567905784,0.0281723950551056,0,5.30279241136599,2.01677071455636,0.330374065270305,1.3974459347297,0.242407783898735,-0.00743106502829502,0.912370704944828
DHTK1_MOUSE,LLLESQEFDHFLATK,3,-0.480109998439739,0.581980859158573,12,0.05735,0.025321769716019,33752617.5,597.64893,0.0973734380224095,0,6,2,2| 3| 6| 7| 9| 13| 16| 31,0.0538194283185197,-0.0423488714450067|-0.0242049851096786|,0.330082341715232| 0.33229322951524| 0.303018681418947| 0.295186432471641| 0.252813928618941| 0.249385258170167| 0.211573540514261| 0.138475753282706| 0.180308498958034| 0.179477756342145| 0.163830802211405| 0.252814627350763,0.330082341715232,0.092542310623013,0.0409770319781516,0,0.120570307185482,0.0287236408359148,0.031865397919425,0.0828346020805749,0.0115787250900411,0.176814355792816,0.798335229268804
DHTK1_MOUSE,LSAYGGITDIIIGMPHR,3,0.88141876389269,0.96644206945787,12,0.05597,0.00666445845117071,40097463.3333333,605.32581,0.027111526668291,0,3,4,0| 1| 2| 13| 16| 21| 24,0.0786975002402382,-0.0332689234747724|,0.356682009107125| 0.327761055058525| 0.301966539969961| 0.291202275290823| 0.249568381463026| 0.245697320909978| 0.212938594385324| 0.191910318195992| 0.169968653150385| 0.137572411489334| 0.147791681035347| 0.130372026564339,0.356682009107125,0.0910100760333924,0.0135579182282914,0.0406493828758491,0.0712906171241509,0.00696079983236362,0.0483084737157152,0.0636315262842848,0.00348095317852638,0.95238171086535,0.988736484778032
DHTK1_MOUSE,LNLLTGLLQLPPELMFR,3,0.958715100679268,0.992639521677311,12,0.10202,0.00858145379662458,11937422.6666667,656.71655,0.0155053865644688,1,2,2,0| 1| 2| 3| 24,0.115545182255175,0.0418710278280857|,0.299315901518692| 0.271452500396698| 0.250136505842466| 0.232234977068794| 0.197468035552849| 0.18358329664239| 0.16429144724862| 0.13246237744915| 0.117850662903987| 0.121429357585991| 0.101993648912514| 0.0889393513058227,0.299315901518692,0.0879635451577851,0.00579459039125934,0.0822924904131436,0.121747509586856,0.00896303616965118,0.094647540305417,0.109392459694583,0.0033496180858971,0.991805381803675,0.996627855811229
DHTK1_MOUSE,LNLLTGLLQLPPELMFR,2,0.947418474778912,0.995005460048382,12,0.09191,0.00865347226314017,7349452.75,984.57117,0.0176188643330446,6,2,1,0| 1| 2| 3| 6| 9| 21| 24| 31,0.0960066937930013,0.0502613911749154|-0.0474652812052669|0.043281828179359|-0.0337147339818407|,0.289625950332074| 0.276456361017558| 0.256120371998361| 0.244063276098407| 0.199267686680461| 0.186597253065612| 0.178043906408796| 0.138852142913709| 0.123389666983441| 0.113732340263746| 0.1074139570751| 0.0974017910374704,0.289625950332074,0.0851158432667194,0.00468797450974504,0.0720169304716363,0.111803069528364,0.00903825700467053,0.0866169118016508,0.0972030881983492,0.00240487228061299,0.990013601475328,0.998213550226003
DHTK1_MOUSE,YGGEGAESMMGFFHELLK,3,0.931483740477243,0.986617949218135,8,0.09295,0.00641261646622803,26195155,668.30609,0.0122391482325112,3,3,0,1| 2| 3| 6| 7| 13,NaN,,0.298460549131634| 0.281885494795205| 0.247949527987361| 0.232157634359356| 0.195734494843742| 0.180372978562858| 0.15428390783421| 0.123531826361287| NaN| NaN| NaN| NaN,0.298460549131634,0.0601756473454171,0.00542986571781974,0.073687470257456,0.112212529742544,0.00814612712120548,0.0844042296652891,0.101495770334711,0.00361400773551706,0.971653607349311,0.997171403563472
DHTK1_MOUSE,LEELcPFPLDALQQEMSK,3,0.558211833067349,0.0904998592811961,12,0.02173,0.00457977515937978,6507203.5,716.68323,0.0330316723211809,3,4,1,0| 1| 2| 7| 13| 16| 21| 24,0.0138863115498517,,0.274726740868095| 0.25820270829271| 0.27748858133613| 0.275008895922697| 0.276995476215551| 0.23473985974325| 0.206596494253449| 0.213659496975597| 0.209505913788971| 0.21704003210811| 0.221751832832276| 0.222329217542581,0.274726740868095,0.043768366217976,0.0267924450914384,0.0112017654486646,0.0322582345513354,0.00478341914729379,0.0131904037184771,0.0302695962815229,0.00387989725760946,0.783442637974257,0.752300669068133
DHTK1_MOUSE,IGGSIHLIVNNQLGYTTPAER,3,-0.0291953303846999,-0.0147870693031922,6,0,0.0132328111846598,6069358,751.73773,0.134236412942085,2,2,2,0| 1| 7| 21| 24| 31,NaN,,0.262318496354594| 0.227489379166849| NaN| NaN| NaN| 0.421794053735658| NaN| NaN| NaN| 0.0526418705378773| 0.37443923772041| 0.37443923772041,0.262318496354594,0.0438069687463873,0.088454363946752,0,0.0526973978663667,0.0205001829366779,0,0.034724667530631,0.0135084855346831,-2,-2
DHTK1_MOUSE,LNDHLANVAHYSPPATNLQAR,4,0.961748133264358,0.981076554477758,12,0.08018,0.00547334488826073,17972234.375,576.29761,0.0158970877521347,1,4,0,2| 3| 7| 13| 16,0.0801199663594767,0.0552703560743407|-0.0433125563743198|,0.282773782828889| 0.274177745124714| 0.239487249189022| 0.225389620423778| 0.199177544068831| 0.174718585027345| 0.129688938443243| 0.119943466522533| 0.102903581597234| 0.0905963107223008| 0.0799924082468731| 0.039417620280182,0.282773782828889,0.0309071846019851,0.0106462897283577,0.0679442073238099,0.0924157926761901,0.00555923452163028,0.0719856819011178,0.0883743180988822,0.00372302287739566,0.98290359825132,0.990513427285147
DHTK1_MOUSE,QWGHNELDEPFFTNPVMYK,3,0.933183854259104,0.986941260377953,12,0.10996,0.0103855757577616,14518371.2,784.69666,0.0157463714996309,3,2,3,1| 2| 3| 6| 9| 16| 24| 31,0.111563157429795,,0.244986407184745| 0.225025070260269| 0.209337770811792| 0.200110303190362| 0.137433121506245| 0.151250668607292| 0.121550259948642| 0.104771385665734| 0.0898032182497858| 0.0798223319993981| 0.0614371933270088| 0.0710461056189233,0.244986407184745,0.0568905964906336,0.0070313804920984,0.0875612506083024,0.132358749391698,0.0101766926062728,0.0999580684741323,0.119961931525868,0.00454429757785823,0.967144387528951,0.993450882938121
DHTK1_MOUSE,DVIWSQEEPQNMGPWSFVSPR,2,0.611986621078036,0.9331548543901,9,0.06664,0.0121495457956444,1771902.5,1245.0813,0.0267854276405223,1,3,3,0| 2| 3| 6| 7| 13| 16,NaN,,0.235193294580265| 0.212501126879544| 0.204153813480657| 0.186990779502755| 0.147148483381273| 0.147901259772537| 0.119110100535775| 0.132930903444028| 0.0976677847040004| NaN| NaN| NaN,0.235193294580265,0.0296080565501428,0.00986734999656432,0.0323264419288967,0.100953558071103,0.0148800939029527,0.0539993996086595,0.0792806003913405,0.0054816035231056,0.829728402725215,0.968472881955221
DHTK1_MOUSE,DVIWSQEEPQNMGPWSFVSPR,3,0.947408762288138,0.996472773409235,12,0.08708,0.00654257167034073,10948643.375,830.39001,0.0141740728000099,1,4,3,1| 2| 6| 7| 9| 21| 24| 31,0.0920048565837975,-0.0114142178529|-0.0191140364467566|,0.235334559939471| 0.21831667190973| 0.200434974135341| 0.185178204339585| 0.152569331074775| 0.135922199609789| 0.121595682022878| 0.0880821958020237| 0.0745134002824277| 0.0619559530606718| 0.0558190183556067| 0.0378815702434767,0.235334559939471,0.0296258401895591,0.00387048072328102,0.0725238279734617,0.101636172026538,0.00661348031747769,0.0831051803395959,0.0910548196604041,0.00180592751594855,0.976612924810271,0.999148206165748
DHTK1_MOUSE,NGSGLDWATAETLALGSLLAQGFNVR,3,0.955338671675037,0.979417051924824,12,0.09901,0.00839488767857814,5038152.6,887.79254,0.0148028746767373,2,1,2,0| 1| 3| 13| 16,0.106353937163731,,0.227163259836613| 0.21734269525882| 0.182916316937021| 0.157445073016738| 0.132800221789796| 0.111357901030239| 0.0985618254223563| 0.088107743807402| 0.0628418261028681| 0.0458082911336694| 0.0297360264049976| 0.0334037867237989,0.227163259836613,0.0215572687125067,0.00946447049512495,0.0797113786842418,0.118308621315758,0.00876817421458952,0.0866710971836018,0.111348902816398,0.00560608178899945,0.985117875206485,0.992721183922907
DHTK1_MOUSE,AAQINPLFPGQALLDTVPEIQALVR,3,0.991549142118591,0.995291185486432,12,0.10022,0.00344282934633766,16162367.5,892.16907,0.00611919552733825,0,3,0,1| 2| 9,0.103591368598337,0.0147275939628083|,0.214816253031126| 0.205931300991675| 0.181016443882929| 0.162462440163244| 0.122950925652703| 0.107119486799129| 0.101232216651614| 0.0652173774239271| 0.0523353124829442| 0.0397105766824306| 0.0338689239498928| 0.0243842822324966,0.214816253031126,0.0168850842327514,0.00450100570677023,0.0924433750401385,0.107996624959862,0.00353324734103745,0.0944998635592914,0.105940136440709,0.00259889823333655,0.996967496332193,0.998179954289951
DHTK1_MOUSE,SIPDTYAEHLIASGLMTQEEVSDIK,3,0.229022712142716,0.602405119840154,12,0.03861,0.00919948359845083,9877694.5,916.453,0.0399908277431572,1,3,3,1| 2| 3| 6| 7| 13| 31,0.031364575459067,,0.213813123334194| 0.2118498130772| 0.19651929268338| 0.199594711184007| 0.163163133967189| 0.164178378793535| 0.159124850530995| 0.104278718909133| 0.129914514543058| 0.131552318160881| 0.104573245987705| 0.146255030768361,0.213813123334194,0.0202903715912984,0.0234467503984329,0.0177755817451387,0.0594444182548613,0.00946595126819147,0.0263947138434919,0.0508252861565081,0.00554991754845563,0.601208546711462,0.853547199353926
DHTK1_MOUSE,WQGLVQPEAcVTTWDTGVPLELLR,3,0.930174792722551,0.958890326475614,11,0.09498,0.00935232486712198,9044935.85714286,923.47406,0.014380552439857,0,3,4,0| 1| 2| 3| 7| 9| 21,NaN,-0.0502600346776988|,0.188128197484168| 0.16861783719111| 0.173461401557971| 0.138539676194648| 0.126900052656888| 0.115093874792934| 0.0909227529373506| 0.0552897542339743| 0.0720043286017817| 0.0476952205764112| 0.0553958197619652| NaN,0.188128197484168,0.0285929133925777,0.00949449062919839,0.0721528097359006,0.117807190264099,0.0102449585896784,0.0799087748186415,0.110051225181359,0.00676404218356958,0.97193100402407,0.981092488390809
DHTK1_MOUSE,HAMVVcQDTDDAYIPLNHMDPNQK,4,0.617861474600574,0.896954384048793,9,0.07423,0.0174848400221419,6516707.5,703.81763,0.0297025189121337,2,5,1,0| 1| 2| 3| 6| 7| 13| 21,NaN,,0.192570278784837| 0.179598247298365| 0.159141287172138| 0.17050152496232| 0.128232825978| 0.118846276993793| 0.121659602514276| 0.0533580225470832| NaN| 0.0734594619821863| NaN| NaN,0.192570278784837,0.0231270019937219,0.0124495724024597,0.024848147908146,0.123611852091854,0.0214144681442207,0.0535319930463222,0.0949280069536779,0.00897570244497796,0.845549776583003,0.949464614322499
DHTK1_MOUSE,KDVIVDLLcYR,3,0.407402232714792,0.619953947113748,12,0.12976,0.0541339568478796,5017578.8,465.25513,0.0715096526649341,3,4,2,0| 1| 3| 7| 9| 13| 16| 21| 31,0.20205613346438,-0.0448295980670638|0.0272468019835841|,0.382728040919936| 0.454897080296638| 0.308780978875214| 0.371928208865188| 0.268663970058187| 0.320297307518557| 0.265113999622393| 0.223981565498535| 0.257342222512838| 0.245077018156011| 0.239186698897099| 0.282538849792883,0.43577,0.236234757204859,0.0410787212320248,0.00531393549854292,0.254206064501457,0.0565410738941146,0.058271956056742,0.201248043943258,0.032480020893663,0.642389834018464,0.84008416417753

