Portien,rateconst,Abundance,PeptideCount
1433B_MOUSE,0.072189,30066400000,12
1433E_MOUSE,0.079252,23908400000,14
1433F_MOUSE,0.077526,2713810000,6
1433G_MOUSE,0.084325,7822640000,11
1433T_MOUSE,0.110593,772295000,6
1433Z_MOUSE,0.082737,6564380000,8
2A5A_MOUSE,0.05781,365196000,4
2AAA_MOUSE,0.096436,8936400000,20
2ABA_MOUSE,0.174085,2078730000,5
3HIDH_MOUSE,0.019544,30752300000,18
5NT3A_MOUSE,0.066615,6588440000,9
6PGD_MOUSE,0.094467,1517060000,8
6PGL_MOUSE,0.029094,5775950000,7
A1AG1_MOUSE,1.348321,374183000,1
A1AT1_MOUSE,0.282787,16836300000,16
A1AT2_MOUSE,0.341168,20986200000,21
A1AT3_MOUSE,0.389819,15800000000,5
A1AT4_MOUSE,0.016162,4065580000,1
A1AT5_MOUSE,0.721095,1277280000,5
A2AP_MOUSE,0.080167,345557000,2
AAKB2_MOUSE,0.068493,170631000,2
AAKG1_MOUSE,0.096951,48141400,2
AAMDC_MOUSE,0.042968,1208190000,3
AAPK2_MOUSE,0.157803,295979000,2
AATC_MOUSE,0.050663,326767000000,50
AATM_MOUSE,0.019195,840691000000,65
ABCB7_MOUSE,0.042913,693725000,6
ABCBA_MOUSE,0.013618,225791000,2
ABCC9_MOUSE,0.107099,181887000,3
ABCD3_MOUSE,0.173674,11698600000,4
ABCE1_MOUSE,0.09062,382379000,5
ABEC2_MOUSE,0.13349,2454990000,5
ABHDB_MOUSE,0.021519,5320230000,9
ABHEB_MOUSE,0.023462,35895400,1
ABLM1_MOUSE,0.064333,16120200000,28
ABRAL_MOUSE,0.060396,899610000,2
ACACB_MOUSE,0.253215,437458000,4
ACAD8_MOUSE,0.039891,11189600000,13
ACAD9_MOUSE,0.022752,15150000000,13
ACADL_MOUSE,0.023016,748748000000,60
ACADM_MOUSE,0.033964,537395000000,51
ACADS_MOUSE,0.022652,131478000000,36
ACADV_MOUSE,0.039636,396103000000,65
ACBP_MOUSE,0.045483,15468600000,2
ACD10_MOUSE,0.028389,21754300000,17
ACD11_MOUSE,0.126882,1562510000,4
ACDSB_MOUSE,0.067621,14494900000,12
ACL6A_MOUSE,0.296529,302608000,1
ACO13_MOUSE,0.030098,91214300000,11
ACOC_MOUSE,0.051398,1120100000,9
ACON_MOUSE,0.024443,2182700000000,110
ACOT2_MOUSE,0.022451,112593000000,38
ACOT9_MOUSE,0.029174,3909190000,8
ACOX1_MOUSE,0.356777,2593610000,9
ACPM_MOUSE,0.031582,64149700000,9
ACS2L_MOUSE,0.0422,73461000000,36
ACSF2_MOUSE,0.041393,4822750000,11
ACSF3_MOUSE,0.067711,431131000,3
ACSL1_MOUSE,0.03482,174357000000,49
ACSL6_MOUSE,0.024559,1532250000,3
ACTA_MOUSE,0.022392,8032340000000,102
ACTBL_MOUSE,0.038734,22800600000,12
ACTB_MOUSE,0.061717,571552000000,21
ACTC_MOUSE,0.027562,265760000000,2
ACTG_MOUSE,0.07496,30799400000,14
ACTN1_MOUSE,0.051224,172613000000,36
ACTN2_MOUSE,0.048175,985841000000,86
ACTN4_MOUSE,0.065187,26499400000,10
ACTS_MOUSE,0.018676,6425160000,5
ACTY_MOUSE,0.076225,132164000,3
ACTZ_MOUSE,0.065588,1048280000,6
ACY1_MOUSE,0.035649,37905000,1
ACY3_MOUSE,0.014861,81833600,2
ACYP1_MOUSE,0.060699,3712090000,4
ACYP2_MOUSE,0.423474,4092070000,3
ADCK1_MOUSE,0.049662,1248990000,5
ADDA_MOUSE,0.250034,31406300,1
ADDG_MOUSE,1.548161,129165000,1
ADH1_MOUSE,0.041508,115381000,2
ADHX_MOUSE,0.053909,4521600000,8
ADIPO_MOUSE,0.03632,9307210000,6
ADK_MOUSE,0.065093,11970500000,8
ADPRH_MOUSE,0.482207,87882700,1
ADRO_MOUSE,0.039635,805311000,2
ADT1_MOUSE,0.022759,2630300000000,60
ADT2_MOUSE,0.024743,411116000000,9
ADT4_MOUSE,0.021355,3956940000,1
ADX_MOUSE,0.219799,685962000,3
AFG1L_MOUSE,0.032992,7592960000,7
AFG32_MOUSE,0.039758,28279600000,21
AGK_MOUSE,0.846734,615745000,3
AGO2_MOUSE,0.02713,8232080,1
AGRIN_MOUSE,0.023832,333600000,3
AHSA1_MOUSE,0.174782,271099000,3
AIFM1_MOUSE,0.02087,39231300000,21
AIMP1_MOUSE,0.054269,26948200,1
AK1A1_MOUSE,0.048818,673918000,3
AKAP1_MOUSE,0.067095,7651110000,2
AKCL2_MOUSE,0.031156,144513000,1
AL1A1_MOUSE,0.047819,266275000,3
AL1B1_MOUSE,0.038967,150253000,2
AL1L2_MOUSE,0.078545,353331000,1
AL4A1_MOUSE,0.024614,33887800000,23
AL7A1_MOUSE,0.033929,1341930000,5
AL9A1_MOUSE,0.016661,235403000,4
ALAT1_MOUSE,0.100494,489073000,4
ALBU_MOUSE,0.156098,1507100000000,80
ALD1_MOUSE,0.025441,4669720000,3
ALD2_MOUSE,0.02812,1584630000,3
ALDH2_MOUSE,0.067115,82813400000,28
ALDOA_MOUSE,0.08981,413936000000,49
ALDOB_MOUSE,0.060698,260667000,2
ALDR_MOUSE,0.038356,61052800000,20
AMACR_MOUSE,0.032299,819009000,4
AMPL_MOUSE,0.033131,5126410000,11
AMPN_MOUSE,0.141543,108132000,2
AMRP_MOUSE,0.262015,189609000,1
AN32A_MOUSE,0.090078,2508130000,4
ANK1_MOUSE,0.000228,18100900,2
ANK2_MOUSE,0.096456,466806000,5
ANM1_MOUSE,0.11921,1813160,1
ANT3_MOUSE,0.736441,5030290000,8
ANX11_MOUSE,0.102173,2513440000,8
ANXA1_MOUSE,0.118415,2052440000,5
ANXA2_MOUSE,0.035768,17090400000,15
ANXA3_MOUSE,0.035801,2291320000,7
ANXA4_MOUSE,0.161489,3867660000,7
ANXA5_MOUSE,0.079093,23042700000,16
ANXA6_MOUSE,0.063281,44120300000,28
ANXA7_MOUSE,0.076551,1990330000,9
AOC3_MOUSE,0.026143,52850900,2
AOFB_MOUSE,0.025161,6588420000,9
AP1B1_MOUSE,0.063459,10781900000,8
AP2A1_MOUSE,0.109042,679268000,4
AP2A2_MOUSE,0.067673,261362000,4
AP2B1_MOUSE,0.056982,2892380000,4
AP4A_MOUSE,0.032284,3405060000,4
APEH_MOUSE,0.088148,581004000,5
APMAP_MOUSE,0.049745,95024900,2
APOA1_MOUSE,0.516048,45656700000,16
APOA2_MOUSE,0.387338,4253670000,3
APOA4_MOUSE,1.766368,3529730000,8
APOC1_MOUSE,0.460061,359810000,2
APOE_MOUSE,0.812513,1394160000,3
APOH_MOUSE,0.586316,159168000,2
APT_MOUSE,0.061334,302636000,4
AQP1_MOUSE,0.076239,692884000,2
AQR_MOUSE,-0.419355,0,1
ARC1A_MOUSE,0.095817,1750420000,5
ARF1_MOUSE,0.164773,6802320000,6
ARHL1_MOUSE,0.076056,17248200000,16
ARK72_MOUSE,0.031547,6873030000,10
ARL8A_MOUSE,0.060844,19901100,1
ARL8B_MOUSE,-0.178153,93367800,2
ARMC1_MOUSE,0.052257,61863700,2
ARP2_MOUSE,0.049447,712686000,3
ARP3_MOUSE,0.068496,5929990000,8
ARPC2_MOUSE,0.07976,825068000,6
ARPC3_MOUSE,0.032532,54249400,1
ARPC4_MOUSE,0.033373,349231000,1
ARPC5_MOUSE,0.180529,500143000,2
AS3MT_MOUSE,0.092844,147553000,2
ASAH1_MOUSE,0.012979,23423700,1
ASGL1_MOUSE,0.043459,2307050000,6
ASPH_MOUSE,0.063359,961267000,3
AT1A1_MOUSE,0.04218,109702000000,49
AT1A2_MOUSE,0.106856,3648800000,9
AT1B1_MOUSE,0.044836,26738100000,7
AT1B3_MOUSE,0.026724,906952000,2
AT2A2_MOUSE,0.084082,1276940000000,122
AT5F1_MOUSE,0.020354,279469000000,24
ATAD1_MOUSE,0.044052,2112880000,6
ATAD3_MOUSE,0.027623,29103300000,5
ATIF1_MOUSE,0.029666,3823920000,5
ATOX1_MOUSE,0.0626,2105150000,2
ATP5E_MOUSE,0.036473,45021900000,2
ATP5H_MOUSE,0.024459,601997000000,30
ATP5I_MOUSE,0.014369,117123000000,9
ATP5J_MOUSE,0.027169,103336000000,12
ATP5L_MOUSE,0.023725,92685400000,14
ATP5S_MOUSE,0.028348,513581000,2
ATP68_MOUSE,0.033827,4384180000,1
ATP6_MOUSE,0.020143,6260620000,14
ATP8_MOUSE,0.02,6325420000,1
ATPA_MOUSE,0.02577,3747900000000,98
ATPB_MOUSE,0.021802,5008700000000,102
ATPD_MOUSE,0.021548,185777000000,17
ATPF1_MOUSE,0.047271,904103000,2
ATPF2_MOUSE,0.051832,655401000,3
ATPG_MOUSE,0.019648,459470000000,24
ATPK_MOUSE,0.015586,145248000000,5
ATPMK_MOUSE,0.021595,36495300000,3
ATPO_MOUSE,0.017935,371608000000,22
AUHM_MOUSE,0.018507,7282310000,9
B2L13_MOUSE,0.029884,4854600000,5
B2MG_MOUSE,0.18522,367376000,2
B3AT_MOUSE,0.009308,3091060000,10
BACH_MOUSE,0.039301,889476000,3
BAG3_MOUSE,0.149521,7190510000,18
BAP31_MOUSE,0.084253,350451000,1
BASI_MOUSE,0.070957,21830000000,8
BCAM_MOUSE,0.115157,7418070000,10
BCAT2_MOUSE,0.021582,43804900000,19
BCKD_MOUSE,0.080198,219756000,3
BCS1_MOUSE,0.010952,11079700000,4
BDH_MOUSE,0.018349,80184000000,21
BGH3_MOUSE,0.362488,311928000,2
BIEA_MOUSE,0.019522,47916200,2
BIP_MOUSE,0.116621,284705000000,26
BLMH_MOUSE,0.025065,306905000,2
BLVRB_MOUSE,0.027659,2565530000,6
BOLA3_MOUSE,0.052896,1031000000,3
BPHL_MOUSE,0.020825,5177280000,9
BRI3B_MOUSE,0.029905,3308020000,2
BT3L4_MOUSE,0.082557,123563000,1
BTF3_MOUSE,6.1E-05,119749000,1
BTNL9_MOUSE,0.115691,13451200,1
C1QBP_MOUSE,0.023857,14994700000,8
C1QT9_MOUSE,0.018061,185627000,1
C1TC_MOUSE,0.039775,89391600,2
C560_MOUSE,0.011898,35815100000,11
CA2D1_MOUSE,0.181454,1970450000,12
CAB39_MOUSE,0.101882,155950000,2
CACP_MOUSE,0.025275,81206200000,32
CAD13_MOUSE,0.032725,9913730000,6
CADH2_MOUSE,0.055692,9112670000,15
CAF17_MOUSE,0.020111,3041920000,9
CAH1_MOUSE,0.021161,909411000,4
CAH2_MOUSE,0.015158,9430960000,8
CAH4_MOUSE,0.028778,43299900,1
CALM1_MOUSE,0.092053,7785000000,9
CALR_MOUSE,0.113669,4156880000,6
CALU_MOUSE,0.203447,1223660000,5
CALX_MOUSE,0.111634,11600200000,11
CAN2_MOUSE,0.050313,245288000,4
CAND1_MOUSE,0.074053,101456000,3
CAND2_MOUSE,0.101461,2871340000,9
CAP1_MOUSE,0.217501,731047000,6
CAP2_MOUSE,0.200243,4804240000,3
CAPR1_MOUSE,1.151177,8353810000,2
CAPZB_MOUSE,0.058298,16803000000,10
CASQ2_MOUSE,0.038923,112141000000,23
CATA_MOUSE,0.168312,9455150000,15
CATB_MOUSE,0.117415,7406240000,11
CATC_MOUSE,0.269022,42964800,1
CATD_MOUSE,0.074517,16980900000,15
CAV1_MOUSE,0.036628,18382000000,6
CAV2_MOUSE,0.023063,123128000,1
CAVN1_MOUSE,0.042295,46202000000,18
CAVN2_MOUSE,0.068217,2588000000,7
CAVN3_MOUSE,0.037042,266933000,2
CAVN4_MOUSE,0.051907,2789740000,7
CAZA1_MOUSE,0.054945,3690110000,3
CAZA2_MOUSE,0.063642,9064820000,14
CBR1_MOUSE,0.026346,5549580000,6
CBR4_MOUSE,0.045179,2842900000,7
CBX3_MOUSE,0.179824,495510000,2
CC90B_MOUSE,0.012726,1655680000,4
CCHL_MOUSE,0.059745,2631800000,7
CD36_MOUSE,0.082973,64188800000,19
CD47_MOUSE,0.066925,150076000,1
CD81_MOUSE,0.056857,316355000,2
CDC42_MOUSE,0.091973,2122000000,6
CEBOS_MOUSE,0.019122,3824690000,1
CENPV_MOUSE,0.97524,1277430000,3
CEP68_MOUSE,-0.419355,0,1
CERU_MOUSE,0.152252,6103930000,11
CFAH_MOUSE,0.130912,305486000,3
CH082_MOUSE,0.021549,4527110000,6
CH10_MOUSE,0.028293,77528600000,6
CH60_MOUSE,0.023916,255768000000,55
CHCH2_MOUSE,0.975151,2211420000,2
CHCH7_MOUSE,0.035317,77656400,1
CHIP_MOUSE,0.042348,58693700,1
CHSP1_MOUSE,0.078375,96833700,1
CIA30_MOUSE,7.803431,1824630000,2
CISD1_MOUSE,0.027051,61160700000,6
CISD2_MOUSE,0.083954,589335000,2
CISD3_MOUSE,0.028301,2555650000,2
CISY_MOUSE,0.020228,286482000000,45
CKAP4_MOUSE,0.019462,17217000,1
CLCB_MOUSE,2.851952,2401850000,2
CLH1_MOUSE,0.085228,17891300000,36
CLIC1_MOUSE,0.114678,417143000,3
CLIC4_MOUSE,0.161105,347427000,5
CLIC5_MOUSE,0.033379,507956000,2
CLIP1_MOUSE,0.093364,808760000,2
CLPB_MOUSE,0.074959,2610300000,4
CLPP_MOUSE,0.034812,1184810000,4
CLPX_MOUSE,0.523639,56018600,1
CLUS_MOUSE,0.368998,3809050000,2
CLU_MOUSE,0.071495,1916650000,3
CLYBL_MOUSE,0.036428,23830600000,22
CMBL_MOUSE,0.039343,807466000,4
CMC1_MOUSE,0.021964,112821000000,49
CMC2_MOUSE,0.020407,45963600000,39
CMYA5_MOUSE,29.357046,31758400,1
CNBP_MOUSE,0.131127,968424000,1
CNDP2_MOUSE,0.045059,876169000,3
CNN3_MOUSE,2.666162,421787000,2
CNPY2_MOUSE,0.267815,121693000,2
CO1A1_MOUSE,0.001442,28275800000,6
CO1A2_MOUSE,0.002569,10408900000,6
CO3A1_MOUSE,3.9E-05,11418500,1
CO3_MOUSE,0.660192,10335300000,21
CO4A1_MOUSE,0.013178,7862590000,11
CO4A2_MOUSE,0.001514,13002200000,13
CO6A1_MOUSE,0.003015,78059100000,43
CO6A2_MOUSE,0.002331,68484800000,33
CO6A6_MOUSE,0.004071,7235560000,19
CO9_MOUSE,0.383164,44813300,1
COA3_MOUSE,0.19926,116476000,2
COA6_MOUSE,0.005976,124528000,1
COA7_MOUSE,0.034507,525934000,2
COF1_MOUSE,0.100455,14101200000,8
COF2_MOUSE,0.087831,15003200000,11
COFA1_MOUSE,0.037495,6344650000,10
COMT_MOUSE,0.108191,4631010000,9
COPA_MOUSE,0.081489,109122000,1
COPB2_MOUSE,0.112229,70673100,2
COPD_MOUSE,0.059492,109269000,2
COPG1_MOUSE,0.150933,71668500,1
COQ3_MOUSE,0.037813,7270320000,6
COQ5_MOUSE,0.060585,7403230000,12
COQ6_MOUSE,0.030088,12774500000,16
COQ7_MOUSE,0.031632,8015450000,8
COQ8A_MOUSE,0.111529,26912400000,26
COQ9_MOUSE,0.038641,49278100000,20
COR1C_MOUSE,0.058181,3463460000,3
CORO6_MOUSE,0.050419,668942000,2
COX15_MOUSE,0.057057,2557430000,4
COX17_MOUSE,0.304154,346024000,1
COX1_MOUSE,0.031105,109238000000,17
COX20_MOUSE,1.090207,1189540000,2
COX2_MOUSE,0.024486,428347000000,34
COX3_MOUSE,0.031117,16537100000,4
COX41_MOUSE,0.02814,549439000000,13
COX5A_MOUSE,0.023803,473168000000,35
COX5B_MOUSE,0.019412,290192000000,18
COX6C_MOUSE,0.022276,106106000000,10
COX7B_MOUSE,0.005378,104759000,1
COX7C_MOUSE,0.019214,6010400000,3
COX7R_MOUSE,0.431852,454367000,2
COX8B_MOUSE,0.022916,49584000000,7
COXM1_MOUSE,0.0139,94005500,1
CP255_MOUSE,0.117193,26280300,1
CPNE1_MOUSE,0.265736,95163500,2
CPNE2_MOUSE,0.001086,275686000,1
CPNS1_MOUSE,0.080814,284147000,3
CPPED_MOUSE,0.094176,429368000,1
CPT1B_MOUSE,0.040742,139098000000,49
CPT2_MOUSE,0.031084,143472000000,48
CREG1_MOUSE,0.000808,775330,1
CRIP2_MOUSE,0.076759,22316700000,16
CRK_MOUSE,0.085621,174920000,2
CRYAB_MOUSE,0.143413,166108000000,19
CSK21_MOUSE,0.147822,2714700000,3
CSN1_MOUSE,0.123711,5869860,2
CSN2_MOUSE,0.059211,199585000,3
CSN4_MOUSE,0.657158,25639200000,3
CSN5_MOUSE,1.595323,217879000,2
CSN6_MOUSE,0.092513,246275000,1
CSN7A_MOUSE,0.148513,51884700,1
CSN8_MOUSE,0.060274,708178000,2
CSRP1_MOUSE,0.018433,513342000,2
CSRP3_MOUSE,0.067383,121961000000,16
CTBP1_MOUSE,2.119633,831442000,2
CTNA1_MOUSE,0.132176,7197190000,18
CTNA3_MOUSE,0.051649,4732460000,9
CTNB1_MOUSE,0.037956,52421600000,13
CTND1_MOUSE,0.076008,26155500,1
CUL5_MOUSE,0.014026,243786000,2
CUTA_MOUSE,0.046965,183938000,2
CX6A1_MOUSE,0.028769,6848570000,3
CX6A2_MOUSE,0.055588,1119220000,3
CX6B1_MOUSE,0.022153,279983000000,8
CX7A1_MOUSE,0.039964,137495000000,4
CX7A2_MOUSE,0.06957,14517800000,3
CXA1_MOUSE,0.072733,7529180000,8
CY1_MOUSE,0.020376,364086000000,30
CYB5B_MOUSE,0.025401,2492090000,3
CYB5_MOUSE,0.097917,737401000,2
CYB_MOUSE,0.012173,26857900000,5
CYC2_MOUSE,0.012172,86127200000,5
CYC_MOUSE,0.021814,687909000000,18
CYTB_MOUSE,0.054357,950446000,2
D39U1_MOUSE,0.023868,10825700000,9
DAG1_MOUSE,0.063542,5175380000,6
DAZP1_MOUSE,0.056965,51600100,1
DBNL_MOUSE,0.151424,246563000,2
DC1I2_MOUSE,0.643131,103379000,2
DC1L1_MOUSE,0.212954,1066270000,6
DCAF8_MOUSE,3.888429,8848510,1
DCAKD_MOUSE,0.073528,200270000,3
DCMC_MOUSE,0.02466,8386490000,13
DCTN1_MOUSE,0.150496,1033700000,4
DCTN2_MOUSE,0.135443,752525000,4
DDAH2_MOUSE,34.401758,120431000,2
DDB1_MOUSE,0.102345,140464000,4
DDX1_MOUSE,1.591577,785389000,8
DDX3L_MOUSE,0.452314,1403250000,4
DDX5_MOUSE,0.213577,2364120000,6
DDX6_MOUSE,0.102481,12144600,1
DECR_MOUSE,0.020522,231284000000,37
DERM_MOUSE,0.078754,630578000,3
DESM_MOUSE,0.070291,396220000000,39
DESP_MOUSE,0.127554,63316600000,96
DEST_MOUSE,0.081067,11258200000,7
DGUOK_MOUSE,0.003152,695488000,5
DHB11_MOUSE,0.070346,772382000,3
DHB4_MOUSE,0.083923,8649500000,12
DHB8_MOUSE,0.018617,12142600000,10
DHDH_MOUSE,0.065854,4796790000,3
DHE3_MOUSE,0.024696,24231500000,30
DHI1_MOUSE,0.046207,31822200,1
DHPR_MOUSE,0.043319,8245480000,9
DHR11_MOUSE,0.113142,958688000,5
DHRS4_MOUSE,0.020556,35724700000,16
DHSD_MOUSE,0.029148,1874610000,3
DHSO_MOUSE,0.028477,23137000000,3
DHX9_MOUSE,0.287475,125013000,2
DJC11_MOUSE,0.076168,647672000,2
DLDH_MOUSE,0.020301,277837000000,49
DLG1_MOUSE,0.102992,69944800,1
DMAC1_MOUSE,0.030391,85691700,1
DMD_MOUSE,0.038431,27163600000,72
DNJA2_MOUSE,0.13578,11743000000,5
DNJA3_MOUSE,0.067207,3528460000,8
DNJA4_MOUSE,0.026052,428998000,1
DNJB4_MOUSE,0.114182,63025600,2
DNJB6_MOUSE,0.01766,169328000,1
DNM1L_MOUSE,0.063917,3233780000,14
DNPEP_MOUSE,0.073982,1396090000,4
DOPD_MOUSE,0.041037,14711700000,8
DP13A_MOUSE,0.038002,22304900,1
DPEP1_MOUSE,0.076924,1239630000,4
DPEP3_MOUSE,0.003413,2101640000,1
DPP3_MOUSE,0.036918,51660700,1
DPYL2_MOUSE,0.044461,10452600000,17
DPYL3_MOUSE,0.028341,97154000,3
DRS7C_MOUSE,0.042888,609142000,3
DSC2_MOUSE,0.05616,1799230000,5
DSG2_MOUSE,0.031444,2200950000,13
DTNA_MOUSE,0.023048,690469000,7
DUS23_MOUSE,0.024104,12567100,1
DUS2_MOUSE,0.036779,169665000,1
DUS3_MOUSE,0.052877,5154630000,6
DX39B_MOUSE,0.553634,443242000,4
DYHC1_MOUSE,0.078017,18574900000,50
DYL1_MOUSE,0.10266,199183000,2
DYL2_MOUSE,0.10858,532241000,3
DYN2_MOUSE,2.742986,76282600,1
DYSF_MOUSE,0.034548,20043200000,14
ECH1_MOUSE,0.120124,94459100000,25
ECHA_MOUSE,0.025192,1355470000000,91
ECHB_MOUSE,0.044455,854741000000,81
ECHD1_MOUSE,0.083586,244529000,2
ECHD2_MOUSE,0.025376,1031690000,6
ECHD3_MOUSE,0.029067,3890510000,3
ECHM_MOUSE,0.020166,161516000000,28
ECI1_MOUSE,0.023129,207294000000,26
ECI2_MOUSE,0.02652,40173000000,19
ECSIT_MOUSE,1.739006,605395000,3
EDEM1_MOUSE,0.044452,288337000,1
EF1A1_MOUSE,0.057016,131556000000,18
EF1A2_MOUSE,0.056253,64128700000,19
EF1B_MOUSE,0.073919,1980450000,2
EF1D_MOUSE,0.112036,2093590000,6
EF1G_MOUSE,0.066292,7663310000,13
EF2_MOUSE,0.096827,54627100000,44
EFGM_MOUSE,0.104864,5840970000,11
EFTS_MOUSE,0.031127,2809840000,9
EFTU_MOUSE,0.025897,134972000000,46
EHD1_MOUSE,0.053941,14256500000,23
EHD2_MOUSE,0.033541,16654100000,20
EHD3_MOUSE,0.994465,3066540000,2
EHD4_MOUSE,0.156037,14732200000,14
EI3JA_MOUSE,0.825848,327057000,2
EIF3A_MOUSE,0.212424,123670000,2
EIF3B_MOUSE,0.056398,293000000,5
EIF3C_MOUSE,0.37308,145800000,1
EIF3D_MOUSE,0.14587,591680000,2
EIF3E_MOUSE,0.07729,134464000,3
EIF3F_MOUSE,0.739364,92972400,1
EIF3H_MOUSE,0.086616,92377100,1
EIF3I_MOUSE,0.095698,984219000,3
EIF3L_MOUSE,0.047103,76453000,2
ELAV1_MOUSE,0.018368,86817200,1
ELN_MOUSE,0.030428,270687000,1
ELOC_MOUSE,0.095973,604824000,5
EMAL1_MOUSE,0.023071,1105260000,4
EMAL2_MOUSE,0.075723,2220160000,5
EMC1_MOUSE,0.081998,73267700,3
EMC2_MOUSE,0.195393,17533000,1
ENOA_MOUSE,0.040037,204356000000,31
ENOB_MOUSE,0.051187,188895000000,24
ENOG_MOUSE,0.071078,722628000,2
ENPL_MOUSE,0.134364,15437800000,18
ENSA_MOUSE,0.12716,642290000,1
EPB41_MOUSE,0.042259,85970600,3
ERF3A_MOUSE,0.621871,4367640,1
ERLN2_MOUSE,0.027173,74688600,2
EST1C_MOUSE,0.491301,5956830000,10
EST1D_MOUSE,0.142906,3093640000,10
ESTD_MOUSE,0.049859,13289200000,10
ESYT1_MOUSE,0.063396,247697000,4
ETFA_MOUSE,0.024889,694577000000,37
ETFB_MOUSE,0.024148,483855000000,28
ETFD_MOUSE,0.023526,269399000000,45
ETHE1_MOUSE,0.021843,7428620000,11
EZRI_MOUSE,0.077428,8578530000,7
F10A1_MOUSE,0.187449,1280790000,3
F13A_MOUSE,0.029886,221849000,1
F162A_MOUSE,0.036306,10679000000,6
F16P2_MOUSE,0.057533,1801520000,5
F210A_MOUSE,0.481808,2208760000,2
FAAA_MOUSE,0.03237,2154380000,11
FABD_MOUSE,0.046243,176576000,3
FABP4_MOUSE,0.054212,319820000000,15
FABP5_MOUSE,0.049194,5043340000,6
FABPH_MOUSE,0.037815,1177890000000,18
FAD1_MOUSE,0.028179,733494000,1
FAHD1_MOUSE,0.03787,3873310000,7
FAHD2_MOUSE,0.023985,4321270000,6
FAK2_MOUSE,5.21299,185232000,1
FAKD4_MOUSE,0.047936,145846000,2
FBLI1_MOUSE,0.185088,542873000,5
FBLN5_MOUSE,0.068539,331082000,1
FBN1_MOUSE,0.000798,63522000000,59
FERM2_MOUSE,0.05975,4036110000,9
FETUA_MOUSE,0.780212,6466150000,6
FETUB_MOUSE,0.111332,178410000,1
FGF1_MOUSE,0.110175,51666300,1
FHL1_MOUSE,0.07741,3975910000,7
FHL2_MOUSE,0.086805,85332000000,23
FIBA_MOUSE,0.40331,9927370000,10
FIBB_MOUSE,0.480431,8302370000,14
FIBG_MOUSE,0.428705,14131300000,19
FINC_MOUSE,0.050747,595672000,5
FIS1_MOUSE,0.053105,4659920000,6
FITM1_MOUSE,0.060485,1076990000,2
FKB1A_MOUSE,0.068568,8172000000,3
FKBP3_MOUSE,0.196735,2829880000,5
FKBP4_MOUSE,0.075945,3442140000,3
FLNA_MOUSE,0.115184,5677060000,22
FLNB_MOUSE,0.301174,672833000,5
FLNC_MOUSE,0.081174,51460700000,53
FLOT1_MOUSE,0.053557,311276000,3
FLOT2_MOUSE,0.053056,75852100,2
FN3K_MOUSE,0.11218,188785000,2
FRDA_MOUSE,0.04305,5381450000,6
FRIH_MOUSE,0.083678,4759500000,7
FRIL1_MOUSE,0.034143,3404440000,2
FSCN1_MOUSE,0.180075,29529900,1
FSD2_MOUSE,0.139881,141504000,1
FUMH_MOUSE,0.023085,297127000000,54
FUND2_MOUSE,0.138962,402930000,1
FUS_MOUSE,0.094144,778776000,3
FXR1_MOUSE,0.43796,673042000,4
G3BP1_MOUSE,0.055942,655629000,3
G3P_MOUSE,0.060301,1010080000000,54
G6PI_MOUSE,0.053532,54389700000,27
GABT_MOUSE,0.022323,1932860000,4
GAL3A_MOUSE,0.024431,145459000000,23
GALK1_MOUSE,9.693583,184179000,1
GALM_MOUSE,0.023293,257903000,2
GANAB_MOUSE,3.218292,20406500,1
GARS_MOUSE,0.108177,314855000,3
GBB1_MOUSE,0.056506,9160530000,11
GBB2_MOUSE,0.09139,5386880000,11
GBG12_MOUSE,0.029784,100059000,1
GCAB_MOUSE,0.059497,16062600000,9
GCDH_MOUSE,0.029065,9610780000,13
GCSH_MOUSE,0.019662,102050000,2
GDIA_MOUSE,0.06071,3325800000,13
GDIB_MOUSE,0.068289,9366800000,15
GDIR1_MOUSE,0.057893,6048170000,8
GELS_MOUSE,0.293491,3831220000,5
GET3_MOUSE,0.26046,351448000,3
GHC1_MOUSE,0.163747,120490000,1
GIMA4_MOUSE,0.275449,111243000,3
GLGB_MOUSE,0.052938,230926000,5
GLNA_MOUSE,0.442497,415418000,3
GLO2_MOUSE,0.054773,855374000,4
GLOD4_MOUSE,0.040128,14381000000,10
GLPK_MOUSE,0.026537,1670820000,7
GLRX1_MOUSE,0.030934,999380000,3
GLRX3_MOUSE,0.089382,2122460000,5
GLRX5_MOUSE,0.049686,3644700000,4
GLSK_MOUSE,0.192577,102897000,2
GLT12_MOUSE,5.746449,65806400,1
GLU2B_MOUSE,0.000373,6871080,2
GLUCM_MOUSE,0.030769,8181980000,14
GLUT4_MOUSE,0.239942,1112670000,4
GLYG_MOUSE,0.071078,4734800000,9
GLYM_MOUSE,0.090179,1900520000,7
GMPPB_MOUSE,0.463459,2613530,1
GMPR1_MOUSE,0.093226,771908000,3
GNA11_MOUSE,0.035029,69241200,2
GNAI2_MOUSE,0.075848,6008410000,13
GNAL_MOUSE,0.142715,131832000,1
GNAQ_MOUSE,0.001449,269149000,1
GNAS1_MOUSE,0.075758,648786000,4
GNPAT_MOUSE,0.178392,75745300,3
GORS2_MOUSE,0.075229,58185500,1
GPAT1_MOUSE,0.012206,7341940,1
GPC1_MOUSE,0.482103,53664400,1
GPCP1_MOUSE,0.140634,118904000,1
GPD1L_MOUSE,0.033517,5145380000,10
GPDA_MOUSE,0.138262,1744590000,4
GPDM_MOUSE,0.021851,1020700000,4
GPSM1_MOUSE,0.444998,57953000,1
GPX1_MOUSE,0.034198,2770230000,6
GPX3_MOUSE,0.176261,1748870000,3
GPX4_MOUSE,2.765025,3993790000,4
GRB2_MOUSE,0.43655,545744000,2
GRHPR_MOUSE,0.035117,6852140000,11
GRP75_MOUSE,0.062189,140735000000,43
GRPE1_MOUSE,0.064303,3101980000,7
GSHR_MOUSE,0.025173,389462000,2
GSK3A_MOUSE,0.066914,1079740,1
GSTA4_MOUSE,0.039809,13785700000,10
GSTK1_MOUSE,0.02725,9264160000,11
GSTM1_MOUSE,0.052955,115464000000,17
GSTM2_MOUSE,0.051414,34374200000,18
GSTM5_MOUSE,0.344445,1030770000,5
GSTM7_MOUSE,0.050516,629855000,3
GSTO1_MOUSE,0.055487,18618800000,11
GSTP1_MOUSE,0.053021,27862900000,12
GSTT1_MOUSE,0.102512,102127000,1
GUAA_MOUSE,5.196225,67288200,2
GUAD_MOUSE,0.00012,79367200,1
GYS1_MOUSE,0.11042,5417960000,12
H10_MOUSE,0.012601,10555400000,3
H12_MOUSE,0.014227,54952500000,7
H14_MOUSE,0.007052,13479000000,1
H15_MOUSE,0.008306,1315010000,2
H2A2B_MOUSE,0.009508,107442000000,13
H2AV_MOUSE,0.028218,160086000,3
H2AY_MOUSE,0.021071,945057000,4
H2AZ_MOUSE,0.029215,447645000,4
H2B1B_MOUSE,0.006675,240848000000,14
H31_MOUSE,0.005566,42976100000,5
H32_MOUSE,0.002972,21345100000,5
H3C_MOUSE,0.000287,11993300000,3
H4_MOUSE,0.007301,147249000000,11
HA10_MOUSE,0.417089,217208000,2
HA1L_MOUSE,0.450681,58307200,1
HACD2_MOUSE,0.037698,1822880000,1
HAP28_MOUSE,0.056131,27447800,1
HBA_MOUSE,0.019089,3086580000000,37
HBB1_MOUSE,0.019342,2957680000000,36
HBB2_MOUSE,0.001068,1116590000,2
HCD2_MOUSE,0.016952,34425900000,20
HCDH_MOUSE,0.020115,329197000000,43
HDGF_MOUSE,0.078659,1587110000,2
HDGR2_MOUSE,0.048372,119867000,1
HDHD2_MOUSE,0.029004,1078150000,2
HDHD3_MOUSE,0.051027,7119900,1
HDHD5_MOUSE,0.056855,157374000,3
HEBP1_MOUSE,0.062144,36125000,2
HEM2_MOUSE,0.09644,763567000,4
HEM6_MOUSE,0.030516,1581890000,4
HEMH_MOUSE,0.053698,2241100000,7
HEMO_MOUSE,0.263305,16585400000,12
HHATL_MOUSE,0.026485,10022200000,15
HIBCH_MOUSE,0.018651,33495600000,29
HINT1_MOUSE,0.049524,7032020000,7
HINT2_MOUSE,0.060855,7156430000,5
HMGA1_MOUSE,0.032881,120977000,1
HMGB1_MOUSE,0.038743,1758760000,3
HMGB2_MOUSE,0.026125,20826500,1
HMGCL_MOUSE,0.043024,3876980000,8
HMOX2_MOUSE,0.142548,164643000,2
HNRH1_MOUSE,0.125869,2517800000,7
HNRH2_MOUSE,0.091726,327595000,4
HNRPC_MOUSE,0.128382,1875450000,2
HNRPD_MOUSE,0.081253,2157100000,4
HNRPF_MOUSE,0.125675,318489000,4
HNRPK_MOUSE,0.14326,8552780000,16
HNRPL_MOUSE,0.092584,1470120000,4
HNRPM_MOUSE,0.061175,7954650000,12
HNRPQ_MOUSE,1.009379,4481940000,6
HNRPU_MOUSE,0.084458,1501590000,8
HOOK3_MOUSE,0.035326,15878300,2
HOT_MOUSE,0.08078,671627000,5
HP1B3_MOUSE,0.098888,2514800000,4
HPRT_MOUSE,0.066326,25763400,2
HPT_MOUSE,0.220706,14592400,1
HRG_MOUSE,0.453744,880681000,4
HS12B_MOUSE,0.056667,1726460000,5
HS74L_MOUSE,0.056809,1054520000,5
HS90A_MOUSE,0.117998,31054300000,21
HS90B_MOUSE,0.126469,47039400000,29
HSC20_MOUSE,0.013086,40532200,1
HSDL2_MOUSE,0.044738,45621800000,23
HSP74_MOUSE,0.066008,6857010000,19
HSP7C_MOUSE,0.093078,188142000000,44
HSPB1_MOUSE,0.100544,32407000000,16
HSPB2_MOUSE,0.086029,2665370000,4
HSPB6_MOUSE,0.167969,14157500000,9
HSPB7_MOUSE,0.846813,7511940000,6
HSPB8_MOUSE,0.188986,2220080000,2
HTAI2_MOUSE,0.025473,388919000,4
HTRA2_MOUSE,0.01685,1488480000,6
HVM51_MOUSE,0.066151,11520600000,2
HXK1_MOUSE,0.03252,38328400000,35
HXK2_MOUSE,0.096176,10024700000,20
HYEP_MOUSE,0.069616,291913000,1
HYES_MOUSE,0.066469,43425700000,33
I5P1_MOUSE,0.555827,152093000,1
IAH1_MOUSE,0.029061,71079600,1
ICAL_MOUSE,0.210827,15939200,1
ICA_MOUSE,0.020563,396037000,2
ICT1_MOUSE,0.0047,82353600,1
IDE_MOUSE,0.56279,159718000,1
IDH3A_MOUSE,0.022625,353016000000,42
IDHC_MOUSE,0.061873,117775000000,13
IDHG1_MOUSE,0.043185,77131100000,27
IDHP_MOUSE,0.023614,1396550000000,66
IF2A_MOUSE,0.100651,141548000,1
IF2M_MOUSE,0.034601,89761300,1
IF4A1_MOUSE,0.147944,4773600000,12
IF4A2_MOUSE,0.368549,1075870000,6
IF4E_MOUSE,0.08483,141514000,1
IF4G1_MOUSE,0.174667,897210000,2
IF4H_MOUSE,0.010911,1220840000,1
IF5A1_MOUSE,0.12879,17351000000,8
IF5_MOUSE,0.230483,244342000,2
IGG2B_MOUSE,0.064941,5478020000,6
IGH1M_MOUSE,0.052615,683514000,2
IGHM_MOUSE,0.178096,10611200000,15
IGKC_MOUSE,0.121252,6385110000,3
ILK_MOUSE,0.060243,5924880000,7
IMA3_MOUSE,0.134603,1083760000,2
IMA4_MOUSE,0.100791,4140690,1
IMB1_MOUSE,0.114641,1043790000,8
IMPA1_MOUSE,5.133184,3126700000,2
IMPA2_MOUSE,0.000936,26189600,1
INMT_MOUSE,0.074589,81923900,2
INO1_MOUSE,0.000637,425279000,1
IPIL2_MOUSE,0.000102,1222510000,1
IPO5_MOUSE,0.097855,632734000,5
IPYR2_MOUSE,0.030055,25144400000,17
IPYR_MOUSE,0.082662,2205320000,5
IRGM1_MOUSE,0.031876,95820200,2
ISC2A_MOUSE,0.033358,7315090000,7
ISCA2_MOUSE,0.075902,3705870000,3
ISCU_MOUSE,0.104935,234756000,3
ISOC1_MOUSE,0.057647,1356580000,6
ITA1_MOUSE,4.7E-05,12575000,1
ITA6_MOUSE,0.014488,112836000,2
ITA7_MOUSE,0.070192,4844040000,11
ITB1_MOUSE,0.07878,3747120000,7
ITIH1_MOUSE,0.123506,419018000,5
ITIH2_MOUSE,0.213225,182742000,2
ITIH4_MOUSE,1.006798,234146000,3
ITPA_MOUSE,0.029421,249486000,1
IVD_MOUSE,0.023747,95879200000,37
JPH2_MOUSE,0.053545,3560050000,9
K1C14_MOUSE,0.007247,5567770000,7
K1C16_MOUSE,0.060931,512565000,3
K1C17_MOUSE,0.011699,2048560000,6
K22O_MOUSE,0.00037,1554610000,2
K2C75_MOUSE,0.309723,276742000,3
KAD1_MOUSE,0.043041,170842000000,25
KAD2_MOUSE,0.016764,20400400000,11
KAD3_MOUSE,0.026578,9996960000,11
KAD4_MOUSE,0.01787,4853170000,9
KANK2_MOUSE,0.36735,695529000,2
KAP0_MOUSE,0.302721,3572740000,4
KAP2_MOUSE,0.038326,1501480000,6
KAPCA_MOUSE,0.203851,3719840000,6
KAT1_MOUSE,0.029469,437646000,5
KAT3_MOUSE,0.015431,9211590000,10
KCC2A_MOUSE,0.062141,430661000,4
KCC2D_MOUSE,0.062948,2779880000,10
KCD12_MOUSE,0.000212,18665500,1
KCJ11_MOUSE,0.024041,82036600,1
KCNU1_MOUSE,0.085474,45158900,1
KCRB_MOUSE,0.045594,194703000000,19
KCRM_MOUSE,0.045023,682704000000,42
KCRS_MOUSE,0.031209,1080100000000,66
KCY_MOUSE,0.084031,1354490000,4
KGP1_MOUSE,0.051548,9115150,1
KIF5A_MOUSE,1.259812,129099000,2
KINH_MOUSE,0.035926,830219000,9
KLH41_MOUSE,0.133473,1257160000,5
KNG1_MOUSE,0.34821,1236710000,6
KPYM_MOUSE,0.073216,214154000000,62
KS6B2_MOUSE,0.060074,8291180000,1
KT3K_MOUSE,6.1E-05,21231400,1
KTN1_MOUSE,0.077754,195219000,2
KV2A7_MOUSE,0.091602,375567000,1
KV5AB_MOUSE,0.066914,1505240000,2
KV6AB_MOUSE,0.061899,218371000,1
L2HDH_MOUSE,0.021256,1224010000,5
LACTB_MOUSE,0.028469,160949000,2
LAMA2_MOUSE,0.007911,152271000000,94
LAMA4_MOUSE,0.048275,3406610000,15
LAMA5_MOUSE,0.014288,2929700000,22
LAMB1_MOUSE,0.010006,25083300000,43
LAMB2_MOUSE,0.010493,242483000000,49
LAMC1_MOUSE,0.012197,71805700000,64
LAMP1_MOUSE,0.33217,1139500000,2
LAMP2_MOUSE,0.199944,375619000,2
LANC1_MOUSE,5.7E-05,104758000,1
LAP2B_MOUSE,0.010002,462137000,5
LASP1_MOUSE,0.051382,3439770000,2
LA_MOUSE,0.408261,58889600,1
LBR_MOUSE,3.2E-05,118959000,1
LCAP_MOUSE,0.067318,520646000,3
LDB3_MOUSE,0.043812,256851000000,52
LDHA_MOUSE,0.077079,60863500000,18
LDHB_MOUSE,0.080049,242139000000,31
LDHD_MOUSE,0.119441,320943000,1
LEG1_MOUSE,0.062515,21229200000,7
LETM1_MOUSE,0.018919,6537470000,18
LGAT1_MOUSE,0.015314,42745700,2
LGR6_MOUSE,0.036533,103215000,1
LGUL_MOUSE,0.056784,7085450000,8
LIMC1_MOUSE,0.113907,1431220000,5
LIMS1_MOUSE,0.033509,3998320000,3
LIPL_MOUSE,2.435284,2397210000,6
LIPS_MOUSE,0.510703,82858800,2
LIPT_MOUSE,0.018542,16614300,1
LIS1_MOUSE,0.189346,1056600000,5
LKHA4_MOUSE,0.031579,722849000,4
LMAN1_MOUSE,0.025837,213064000,1
LMAN2_MOUSE,0.118628,146744000,1
LMCD1_MOUSE,0.055818,791864000,2
LMF2_MOUSE,0.081434,23948200,1
LMNA_MOUSE,0.028232,76711700000,27
LMNB1_MOUSE,0.005845,5494780000,16
LMNB2_MOUSE,0.007322,422687000,6
LMOD2_MOUSE,0.081807,1030330000,3
LNEBL_MOUSE,0.02538,3402550000,8
LONM_MOUSE,0.031171,24386800000,22
LPPRC_MOUSE,0.060228,34291400000,48
LPP_MOUSE,0.015288,80913400,2
LRC47_MOUSE,0.156458,13834900,1
LRC59_MOUSE,0.085144,5550690000,1
LRIQ1_MOUSE,0.027518,187389000,1
LTOR1_MOUSE,0.080967,202599000,1
LTOR3_MOUSE,0.198817,99801600,1
LTOR5_MOUSE,0.027733,80815800,1
LUM_MOUSE,0.028995,6258900000,12
LY6C1_MOUSE,0.013126,55961800,1
LYPA1_MOUSE,0.031336,28441200000,9
LYRM7_MOUSE,0.029525,459616000,1
LYRM9_MOUSE,0.003123,20751500,1
LZIC_MOUSE,0.468226,160440000,1
M2OM_MOUSE,0.023128,88769600000,24
M3K20_MOUSE,0.158092,328088000,4
MAAI_MOUSE,0.028889,7529250000,7
MACD1_MOUSE,0.032915,24213900000,12
MAIP1_MOUSE,0.027105,777212000,2
MAON_MOUSE,0.022824,4722980000,14
MAOX_MOUSE,0.072018,1699020000,9
MAP2_MOUSE,0.075006,139839000,1
MAP4_MOUSE,0.090137,4296500000,7
MARC2_MOUSE,0.046404,127517000,1
MATR3_MOUSE,0.219254,1844050000,4
MAVS_MOUSE,0.07868,425826000,4
MCAT_MOUSE,0.022214,15482500000,11
MCCA_MOUSE,0.026945,28530900000,26
MCCB_MOUSE,0.019006,23217900000,28
MCEE_MOUSE,0.038208,6491680000,4
MCUR1_MOUSE,0.010561,56538300,1
MDHC_MOUSE,0.051151,573056000000,37
MDHM_MOUSE,0.02052,1783490000000,50
MECP2_MOUSE,0.018349,440056000,3
MECR_MOUSE,0.015779,2184840000,6
METK2_MOUSE,0.301692,741731000,2
MFAP4_MOUSE,0.001314,1621660000,3
MFAP5_MOUSE,0.008377,63557000,1
MFF_MOUSE,0.112277,154662000,2
MFGM_MOUSE,7.236589,96292200,2
MFN1_MOUSE,0.344261,1324830000,5
MGDP1_MOUSE,0.040931,2448070000,7
MGLL_MOUSE,0.093341,661113000,6
MGST1_MOUSE,0.054852,1310070000,1
MGST3_MOUSE,0.031064,25585700000,9
MIA40_MOUSE,0.00985,90831100,1
MIC10_MOUSE,0.011941,1628500000,3
MIC13_MOUSE,0.026878,10927700000,8
MIC19_MOUSE,0.019819,49935600000,9
MIC25_MOUSE,0.022294,132166000,2
MIC26_MOUSE,0.022016,15433900000,6
MIC27_MOUSE,0.020273,15486800000,14
MIC60_MOUSE,0.02051,175459000000,50
MIEN1_MOUSE,0.034413,79440100,1
MIF_MOUSE,0.038973,20121700000,6
MIME_MOUSE,0.130006,715894000,6
MIPEP_MOUSE,0.008123,770014000,1
MIRO1_MOUSE,0.107473,130578000,2
MITOK_MOUSE,0.029789,52143100,2
MITOS_MOUSE,0.027949,6278000000,9
MIX23_MOUSE,0.006333,577878000,2
MK14_MOUSE,0.025153,4950250,1
ML12B_MOUSE,0.228055,3316580000,8
MLIP_MOUSE,0.199785,19826500,1
MLRV_MOUSE,0.048834,2080890000000,46
MMAA_MOUSE,0.059927,786902000,5
MMAB_MOUSE,0.062677,1057240000,2
MMSA_MOUSE,0.027482,90750300000,42
MOES_MOUSE,0.077669,16206800000,19
MOT1_MOUSE,0.068634,4836090000,6
MP2K1_MOUSE,0.07815,213619000,3
MPC1_MOUSE,0.03557,12827500000,10
MPC2_MOUSE,0.028321,15353900000,11
MPCP_MOUSE,0.025211,490568000000,23
MPI_MOUSE,0.056346,3802660000,7
MPPA_MOUSE,0.074189,5758870000,11
MPPB_MOUSE,0.190834,1109760000,5
MPV17_MOUSE,0.031636,210053000,1
MRES1_MOUSE,0.085583,886484000,1
MSI2H_MOUSE,0.064102,355810000,3
MSRA_MOUSE,0.037175,2618840000,7
MSRB2_MOUSE,0.035818,223496000000,5
MSRB3_MOUSE,0.216891,169374000,1
MTAP_MOUSE,0.048709,202739000,2
MTCH1_MOUSE,0.017383,577087000,2
MTCH2_MOUSE,0.023608,13479300000,10
MTFP1_MOUSE,0.035982,5501280000,4
MTL26_MOUSE,0.514172,15369600,1
MTM1_MOUSE,0.000369,24541000,1
MTNB_MOUSE,0.098299,1560080000,4
MTPN_MOUSE,0.21356,72662900,1
MTX1_MOUSE,0.010612,5443290000,4
MTX2_MOUSE,0.022404,6349510000,11
MUG1_MOUSE,0.27721,7801000000,22
MUTA_MOUSE,0.066556,9754590000,16
MVP_MOUSE,0.037769,357167000,3
MY18A_MOUSE,1.468833,256802000,2
MYADM_MOUSE,0.049082,758322000,2
MYG_MOUSE,0.038925,1657390000000,64
MYH11_MOUSE,0.047048,41319700000,17
MYH14_MOUSE,0.100191,95526900,3
MYH6_MOUSE,0.057268,14090600000000,462
MYH7_MOUSE,0.073008,50802700000,34
MYH9_MOUSE,0.126081,4642440000,17
MYL1_MOUSE,0.024933,95235600000,2
MYL3_MOUSE,0.04774,2585980000000,41
MYL6_MOUSE,0.117565,125730000000,9
MYL9_MOUSE,0.101917,560079000,5
MYLK3_MOUSE,0.172917,1862510000,6
MYO1C_MOUSE,0.032412,19437200000,20
MYOM1_MOUSE,0.063575,263605000000,121
MYOTI_MOUSE,0.083723,2216460000,8
MYOZ2_MOUSE,0.040163,93558900000,20
MYPC3_MOUSE,0.056838,930763000000,117
MYPN_MOUSE,0.642383,92873500,2
MYPT2_MOUSE,0.085751,1358710000,8
MYZAP_MOUSE,1.116694,505124000,4
NAC1_MOUSE,0.126518,2791690000,7
NACAM_MOUSE,0.115693,38595800000,41
NAGAB_MOUSE,0.043285,38367800,1
NAKD2_MOUSE,0.012275,483642000,2
NAMPT_MOUSE,0.11532,8142580000,14
NAR1_MOUSE,9.796086,66775700,1
NAR3_MOUSE,0.102972,1528310000,10
NB5R1_MOUSE,0.033677,229659000,1
NB5R3_MOUSE,0.090301,6965470000,8
NCEH1_MOUSE,0.077908,5661340000,8
NCPR_MOUSE,0.43113,1180520000,3
NDKA_MOUSE,0.053096,38057200000,13
NDKB_MOUSE,0.057341,41796700000,17
NDRG2_MOUSE,0.132753,51096200000,19
NDUA1_MOUSE,0.014521,2352780000,2
NDUA2_MOUSE,0.033323,50683700000,5
NDUA3_MOUSE,0.019304,15998200000,3
NDUA4_MOUSE,0.044883,210548000000,7
NDUA5_MOUSE,0.030749,69280400000,11
NDUA6_MOUSE,0.033324,60102300000,8
NDUA7_MOUSE,0.028072,44392100000,6
NDUA8_MOUSE,0.023882,56595200000,15
NDUA9_MOUSE,0.030059,79636800000,32
NDUAA_MOUSE,0.029289,152151000000,34
NDUAB_MOUSE,0.036785,15457500000,5
NDUAC_MOUSE,0.030429,30506800000,10
NDUAD_MOUSE,0.025549,127625000000,15
NDUB1_MOUSE,0.023337,4158120000,5
NDUB3_MOUSE,0.02059,16089200000,4
NDUB4_MOUSE,0.021563,40750300000,5
NDUB5_MOUSE,0.026117,17867100000,6
NDUB6_MOUSE,0.025324,316273000000,5
NDUB7_MOUSE,0.026692,33817400000,12
NDUB8_MOUSE,0.020226,81821400000,11
NDUB9_MOUSE,0.022405,86203100000,13
NDUBA_MOUSE,0.023827,102266000000,16
NDUBB_MOUSE,0.022057,34603300000,5
NDUC2_MOUSE,0.02009,48946400000,13
NDUF2_MOUSE,0.0296,1426130000,5
NDUF3_MOUSE,0.048034,1645700000,5
NDUF4_MOUSE,0.019147,2431690000,3
NDUF5_MOUSE,0.012801,21273200,2
NDUF7_MOUSE,0.048379,41667600,1
NDUS1_MOUSE,0.029956,426810000000,69
NDUS2_MOUSE,0.031228,462229000000,42
NDUS3_MOUSE,0.029777,143633000000,17
NDUS4_MOUSE,0.025684,55359700000,11
NDUS5_MOUSE,0.020316,44499400000,8
NDUS6_MOUSE,0.050816,44388200000,10
NDUS7_MOUSE,0.048988,27673900000,13
NDUS8_MOUSE,0.023851,62832900000,10
NDUV1_MOUSE,0.037227,225863000000,34
NDUV2_MOUSE,0.028252,90741700000,23
NDUV3_MOUSE,0.031957,23949000000,7
NEBL_MOUSE,0.028694,32721800000,19
NEDD4_MOUSE,0.935467,102089000,4
NEXN_MOUSE,0.271806,1632170000,4
NFS1_MOUSE,0.018272,228723000,4
NFU1_MOUSE,0.074117,1020870000,4
NH2L1_MOUSE,2.762667,18260300,1
NHLC2_MOUSE,0.277569,278112000,2
NHRF2_MOUSE,0.112729,438146000,3
NID1_MOUSE,0.021212,59126900000,44
NID2_MOUSE,0.023941,1211640000,9
NIPS2_MOUSE,0.023118,227929000000,35
NIT1_MOUSE,0.035083,698196000,6
NIT2_MOUSE,0.024953,6132730000,12
NLRX1_MOUSE,0.059647,768955000,5
NMNA3_MOUSE,0.012661,575400000,3
NMT1_MOUSE,0.871464,789193000,2
NNRD_MOUSE,0.027445,2590660000,6
NNRE_MOUSE,0.022061,4455140000,5
NNTM_MOUSE,0.021296,747753000000,86
NOL3_MOUSE,0.093884,1913660000,5
NONO_MOUSE,0.095645,1077400000,4
NP1L1_MOUSE,0.170601,190679000,1
NP1L4_MOUSE,0.169985,893060000,4
NPC2_MOUSE,1.1E-05,33727400,1
NPL4_MOUSE,2.057736,329819000,4
NPM_MOUSE,0.136975,944731000,5
NQO1_MOUSE,0.048784,11715500000,10
NQO2_MOUSE,0.051959,16421100000,5
NRAP_MOUSE,0.169933,6110680000,6
NSF1C_MOUSE,0.052062,1725090000,4
NSF_MOUSE,0.089075,211483000,1
NTF2_MOUSE,0.055166,3042950000,5
NU1M_MOUSE,0.021578,26766400000,10
NU2M_MOUSE,0.011569,2038790000,3
NU3M_MOUSE,0.02571,6003110000,1
NU4M_MOUSE,0.023769,15082900000,15
NU5M_MOUSE,0.01441,87670000000,20
NUBPL_MOUSE,0.052814,717170000,2
NUCB1_MOUSE,0.234292,132597000,2
NUCG_MOUSE,0.046053,1916120000,4
NUCL_MOUSE,0.156373,2694110000,9
NUD13_MOUSE,0.00201,134943000,2
NUDC2_MOUSE,0.043737,19770900,1
NUDC_MOUSE,0.074619,104767000,2
NUDT7_MOUSE,0.079659,277376000,1
NUDT8_MOUSE,0.038907,515399000,4
OAT_MOUSE,0.115739,9181670000,12
OBSCN_MOUSE,0.043271,53200800000,100
OCAD1_MOUSE,0.092137,2320210000,7
ODB2_MOUSE,0.024165,54226500000,20
ODBA_MOUSE,0.101951,9560580000,14
ODBB_MOUSE,0.037834,22488600000,12
ODO1_MOUSE,0.063232,523207000000,102
ODO2_MOUSE,0.017725,168631000000,31
ODP2_MOUSE,0.01909,215465000000,39
ODPA_MOUSE,0.025432,260086000000,36
ODPB_MOUSE,0.024071,329585000000,55
ODPX_MOUSE,0.021565,27102000000,17
OLA1_MOUSE,0.05525,1780600000,7
OPA1_MOUSE,0.030374,19225000000,40
OPLA_MOUSE,0.096938,2150590000,8
ORN_MOUSE,0.056899,18162800,1
OSBL1_MOUSE,1.748159,44487700,1
OSBP1_MOUSE,0.265973,45191400,1
OST48_MOUSE,0.076802,254558000,2
OSTF1_MOUSE,0.073474,25580800,1
OTUB1_MOUSE,0.088009,1400430000,6
OX2G_MOUSE,0.085323,106578000,1
OXND1_MOUSE,0.049264,2999510000,6
OXSM_MOUSE,0.025018,528630000,6
OXSR1_MOUSE,0.040122,81543300,2
P20D2_MOUSE,0.008113,3793170000,7
PA1B2_MOUSE,1.626146,201533000,2
PA2G4_MOUSE,0.130299,552247000,6
PABP1_MOUSE,0.060639,497606000,3
PACN2_MOUSE,0.182049,2848910000,4
PACN3_MOUSE,0.105423,1692980000,4
PALLD_MOUSE,0.110356,390457000,4
PALMD_MOUSE,0.038161,6611690000,3
PANK4_MOUSE,3.5E-05,290079000,1
PARK7_MOUSE,0.0433,27835400000,15
PARL_MOUSE,0.016012,2825190000,2
PARVB_MOUSE,0.058681,575920000,2
PCBP1_MOUSE,0.133478,4628150000,11
PCBP2_MOUSE,0.150604,898538000,5
PCCA_MOUSE,0.022081,37975000000,28
PCCB_MOUSE,0.020888,29358100000,25
PCD18_MOUSE,0.005747,237660000,1
PCY2_MOUSE,0.101307,103655000,1
PDC6I_MOUSE,0.081209,999386000,8
PDCD5_MOUSE,0.102287,5900330000,3
PDCD6_MOUSE,1.442448,203627000,1
PDIA1_MOUSE,0.12619,10556500000,17
PDIA3_MOUSE,0.094051,8328240000,16
PDIA6_MOUSE,0.080992,1341510000,4
PDIP2_MOUSE,0.322796,61761000,2
PDK1_MOUSE,0.030121,3448150000,6
PDK2_MOUSE,0.09376,6503690000,13
PDK4_MOUSE,0.352994,588108000,4
PDLI1_MOUSE,0.14664,2342590000,5
PDLI5_MOUSE,0.077702,43846200000,12
PDLI7_MOUSE,0.403132,34929100,2
PDP1_MOUSE,0.041969,455732000,2
PDPR_MOUSE,0.141916,794671000,6
PDXK_MOUSE,0.060382,378659000,3
PEA15_MOUSE,0.112419,591685000,3
PEBP1_MOUSE,0.04519,76353900000,16
PECA1_MOUSE,1.259812,1271040,1
PEPL1_MOUSE,0.037091,14580800,1
PERM1_MOUSE,0.056424,2158270000,8
PFKAL_MOUSE,0.131928,7447120000,8
PFKAM_MOUSE,0.128951,64705900000,43
PFKAP_MOUSE,0.265187,107638000,2
PGAM1_MOUSE,0.043797,43076700000,17
PGAM2_MOUSE,0.049236,87981800000,15
PGBM_MOUSE,0.04253,74978600000,91
PGES2_MOUSE,0.045073,4040570000,8
PGK1_MOUSE,0.039838,131714000000,34
PGM1_MOUSE,0.045617,29178300000,25
PGM5_MOUSE,0.075161,6221550000,13
PGP_MOUSE,0.048339,1852680000,7
PGRC2_MOUSE,0.064933,151066000,1
PGS1_MOUSE,0.10811,1577840000,4
PGS2_MOUSE,0.132273,4094060000,7
PHB2_MOUSE,0.023163,59366100000,23
PHB_MOUSE,0.024508,57961200000,23
PHLB2_MOUSE,5.627395,43769500,1
PHP14_MOUSE,0.046604,3230240000,5
PHYD1_MOUSE,0.030542,44984500,1
PICAL_MOUSE,0.319466,116192000,2
PIMT_MOUSE,0.026719,20432700000,11
PIN1_MOUSE,0.003265,2183630000,2
PIPNA_MOUSE,0.071922,188576000,1
PLAK_MOUSE,0.053437,65717100000,24
PLAP_MOUSE,0.064495,111593000,2
PLBL1_MOUSE,0.014301,261848000,1
PLCC_MOUSE,0.082359,441940000,3
PLCD1_MOUSE,0.023566,134700000,1
PLEC_MOUSE,0.055487,75322800000,101
PLIN2_MOUSE,1.259812,650065000,1
PLIN3_MOUSE,0.117154,5441000000,14
PLIN4_MOUSE,0.065986,18719900000,17
PLIN5_MOUSE,0.065305,90520400,1
PLMN_MOUSE,0.890439,742626000,4
PLM_MOUSE,0.072079,3463710000,2
PLPHP_MOUSE,0.07815,8343810000,4
PLPL8_MOUSE,0.134893,85376400,1
PLSL_MOUSE,0.0661,120810000,3
PLST_MOUSE,0.201709,394680000,5
PMGE_MOUSE,0.036966,132929000,2
PMM2_MOUSE,0.038049,467046000,2
PNKD_MOUSE,0.000362,11021300,1
PNPH_MOUSE,0.038854,71959400,2
PNPO_MOUSE,0.000827,15174700,1
PNPT1_MOUSE,0.045928,1412110000,4
PON3_MOUSE,0.357176,70420700,2
POPD1_MOUSE,0.044286,373295000,3
POPD2_MOUSE,0.138277,569963000,1
PP1A_MOUSE,0.265057,1597380000,9
PP1B_MOUSE,0.150486,4470390000,9
PP1R7_MOUSE,0.072691,223832000,2
PP2AA_MOUSE,0.094031,8017870000,9
PP2BB_MOUSE,2.841615,1199660000,4
PPA6_MOUSE,0.014634,342659000,4
PPAC_MOUSE,0.027959,1931530000,6
PPBT_MOUSE,0.066557,15675500,1
PPCE_MOUSE,0.036071,529705000,5
PPGB_MOUSE,0.559018,69003300,1
PPIA_MOUSE,0.05735,28775600000,11
PPIB_MOUSE,2.174228,1170750000,3
PPID_MOUSE,0.263796,143580000,1
PPIF_MOUSE,0.026205,34484100000,14
PPLA_MOUSE,0.123541,37531600000,3
PPM1A_MOUSE,3.702607,1447550000,3
PPM1B_MOUSE,0.022127,140499000,1
PPN_MOUSE,0.026331,1549230000,5
PPP5_MOUSE,0.148534,16652200,3
PPR3A_MOUSE,0.138086,1384620000,5
PPT1_MOUSE,0.003507,182460000,2
PPTC7_MOUSE,0.161526,222490000,3
PRAF3_MOUSE,0.093964,1091240000,1
PRAX_MOUSE,0.024051,714783000,1
PRDX1_MOUSE,0.074468,55877400000,13
PRDX2_MOUSE,0.065298,54583100000,13
PRDX3_MOUSE,0.022352,156971000000,25
PRDX5_MOUSE,0.030441,173218000000,17
PRDX6_MOUSE,0.052148,47651500000,17
PRELP_MOUSE,0.078098,170584000,2
PREP_MOUSE,0.035869,1214080000,5
PROF1_MOUSE,0.074282,25858600000,9
PRP19_MOUSE,0.134248,21994700,1
PRPS1_MOUSE,0.067069,129680000,2
PRS10_MOUSE,0.102156,719248000,5
PRS4_MOUSE,0.100769,2179370000,5
PRS6A_MOUSE,0.421909,882214000,7
PRS6B_MOUSE,0.112807,769154000,4
PRS7_MOUSE,0.110674,1031090000,4
PRS8_MOUSE,0.413749,493759000,3
PRUN1_MOUSE,0.528261,71342600,1
PSA1_MOUSE,0.116022,1339500000,5
PSA2_MOUSE,0.096273,1907790000,7
PSA3_MOUSE,0.01663,4166320000,4
PSA4_MOUSE,0.061834,2237840000,5
PSA5_MOUSE,0.090219,3731250000,6
PSA6_MOUSE,0.083792,5607150000,9
PSA7_MOUSE,0.088982,2103370000,6
PSA_MOUSE,0.065978,8368580000,20
PSB1_MOUSE,0.100191,1182700000,5
PSB2_MOUSE,0.047434,2114170000,3
PSB3_MOUSE,0.123779,7004670000,5
PSB4_MOUSE,0.11385,1165780000,4
PSB5_MOUSE,0.077442,11173700000,6
PSB6_MOUSE,0.092795,566050000,2
PSB7_MOUSE,0.033406,870509000,4
PSD11_MOUSE,0.141372,1441210000,9
PSD12_MOUSE,0.076301,1116600000,3
PSD13_MOUSE,0.102054,2047870000,5
PSDE_MOUSE,0.028658,718635000,1
PSMD2_MOUSE,0.111707,2269550000,10
PSMD3_MOUSE,0.185841,1761810000,3
PSMD4_MOUSE,0.021957,22075800000,3
PSMD6_MOUSE,0.112329,2501630000,4
PSMD7_MOUSE,0.095914,249779000,1
PSMD8_MOUSE,0.071328,336817000,2
PSMD9_MOUSE,0.161839,14422900,1
PSME1_MOUSE,0.108704,2306850000,5
PSME2_MOUSE,0.041979,453196000,2
PTCD3_MOUSE,0.016756,104045000,2
PTGR2_MOUSE,0.07892,14540300000,14
PTGR3_MOUSE,0.027535,5884810000,11
PTH2_MOUSE,0.059709,55172000,1
PTMA_MOUSE,0.090636,22304800,1
PTN11_MOUSE,0.115243,2290930000,6
PTPA_MOUSE,0.018899,250209000,2
PTSS1_MOUSE,7.3E-05,7912460,1
PUR2_MOUSE,0.096559,57290000,2
PUR6_MOUSE,0.110108,175293000,1
PUR8_MOUSE,0.057789,1925070000,8
PUR9_MOUSE,0.02483,288207000,5
PURA1_MOUSE,0.090506,5655250000,9
PURA_MOUSE,0.014207,1284650000,6
PURB_MOUSE,0.029494,162763000,1
PXL2B_MOUSE,0.05681,6018330000,6
PXMP2_MOUSE,0.118145,226626000,1
PYC_MOUSE,0.046971,5650790000,21
PYGB_MOUSE,0.08364,162065000000,55
PYGM_MOUSE,0.083059,207225000000,48
PYRD_MOUSE,0.334915,33702400,1
PZP_MOUSE,0.203757,30120900000,44
QCR10_MOUSE,0.037906,6262600000,1
QCR1_MOUSE,0.019656,637390000000,60
QCR2_MOUSE,0.018622,595234000000,57
QCR6_MOUSE,0.024298,40403200000,7
QCR7_MOUSE,0.025313,156626000000,12
QCR8_MOUSE,0.023953,57467100000,6
QCR9_MOUSE,0.01917,27591700000,4
QKI_MOUSE,0.404883,3259390,1
QOR_MOUSE,3.468201,676725000,3
RAB10_MOUSE,0.109767,1335910000,1
RAB12_MOUSE,3.410643,634386000,3
RAB14_MOUSE,0.080316,1558420000,4
RAB18_MOUSE,0.256982,74909900,2
RAB1A_MOUSE,0.112199,2846730000,9
RAB1B_MOUSE,0.085085,1491250000,3
RAB21_MOUSE,0.430285,557370000,3
RAB2A_MOUSE,0.193068,2723390000,6
RAB35_MOUSE,0.83104,886059000,2
RAB3A_MOUSE,0.367225,6807750,1
RAB5B_MOUSE,3.495536,2158280000,3
RAB6B_MOUSE,0.045082,417757000,1
RAB7A_MOUSE,0.284977,1662780000,5
RAB8A_MOUSE,0.000113,49782600,1
RAC1_MOUSE,0.097262,2578360000,5
RACK1_MOUSE,0.064589,12843300000,17
RADI_MOUSE,0.126391,779989000,3
RALA_MOUSE,0.043726,602089000,2
RANG_MOUSE,0.035608,242813000,1
RAN_MOUSE,0.077981,11659400000,8
RAP1A_MOUSE,0.06935,2713690000,6
RAP1B_MOUSE,0.060495,537423000,5
RAP2C_MOUSE,0.195569,18517300,1
RB11A_MOUSE,0.095953,2954020000,4
RB11B_MOUSE,0.092389,1397200000,6
RBBP7_MOUSE,0.547694,85788100,1
RBM24_MOUSE,0.026702,507310000,2
RBMX_MOUSE,0.064968,76571600,1
RBPMS_MOUSE,0.17695,199379000,1
RBX1_MOUSE,1.74128,68639100,1
RBX2_MOUSE,0.272894,28894500,1
RCC1_MOUSE,3.7E-05,43174800,1
RD23B_MOUSE,0.162922,107625000,1
RDH13_MOUSE,9.5E-05,63279200,1
RDH14_MOUSE,0.008089,788583000,2
REEP5_MOUSE,0.027951,2367330000,2
RHOA_MOUSE,0.165222,3747250000,8
RHOC_MOUSE,0.325451,213148000,3
RINI_MOUSE,0.100034,2556380000,14
RIPL1_MOUSE,0.31312,5656150,1
RL10A_MOUSE,0.050609,1823880000,4
RL10L_MOUSE,1.569765,274140000,1
RL10_MOUSE,0.128268,81485900,2
RL11_MOUSE,0.068607,190539000000,4
RL12_MOUSE,0.041387,1345570000,2
RL13A_MOUSE,0.045978,777351000,2
RL13_MOUSE,0.06232,4058260000,3
RL14_MOUSE,0.08779,3458330000,5
RL15_MOUSE,0.082371,3742940000,4
RL17_MOUSE,0.075772,3440570000,5
RL18A_MOUSE,0.017146,1205390000,2
RL18_MOUSE,0.059039,6826250000,5
RL19_MOUSE,0.101668,4746460000,3
RL21_MOUSE,0.0646,1019440000,2
RL22_MOUSE,0.040612,2572660000,3
RL23A_MOUSE,0.081157,2485270000,5
RL23_MOUSE,0.072425,4748090000,6
RL24_MOUSE,0.099757,4090290000,4
RL27A_MOUSE,0.219259,4793930000,3
RL27_MOUSE,0.050457,2378200000,3
RL28_MOUSE,0.075592,492110000,1
RL30_MOUSE,0.025751,946380000,2
RL31_MOUSE,0.047454,1782360000,3
RL32_MOUSE,0.110439,584075000,3
RL35A_MOUSE,0.037369,89246800,1
RL35_MOUSE,0.079135,1193510000,1
RL36_MOUSE,0.064842,665384000,1
RL37A_MOUSE,0.025336,364059000,2
RL38_MOUSE,0.241916,974220000,3
RL3_MOUSE,0.085682,441289000,2
RL4_MOUSE,0.046071,8369320000,13
RL5_MOUSE,0.042015,2370170000,6
RL6_MOUSE,0.053539,6874360000,10
RL7A_MOUSE,0.05664,11982700000,7
RL7_MOUSE,0.071316,49289300000,5
RL8_MOUSE,0.051504,8286800000,4
RL9_MOUSE,0.050983,1056710000,4
RLA0_MOUSE,0.052674,3117450000,7
RLA1_MOUSE,0.091029,3566580000,2
RLA2_MOUSE,0.225279,2859920000,4
RM01_MOUSE,0.07478,50126600,1
RM04_MOUSE,0.001011,7774160,1
RM09_MOUSE,0.012328,53925400,1
RM10_MOUSE,0.017579,92469900,3
RM11_MOUSE,-0.419355,0,1
RM12_MOUSE,0.069697,1259630000,3
RM13_MOUSE,34.411671,32835500,2
RM14_MOUSE,0.025926,299340000,1
RM20_MOUSE,0.132586,207282000,1
RM21_MOUSE,0.012885,539622000,2
RM22_MOUSE,0.018797,1954260,1
RM23_MOUSE,0.032567,329325000,4
RM24_MOUSE,0.006005,308661000,1
RM34_MOUSE,0.007187,762557000,1
RM37_MOUSE,0.392597,134176000,2
RM38_MOUSE,0.677658,247391000,2
RM39_MOUSE,0.039943,384019000,2
RM40_MOUSE,4.737708,189218000,2
RM46_MOUSE,0.015261,39049200,1
RM49_MOUSE,0.328825,638612000,3
RM51_MOUSE,6.3E-05,156920000,1
RM53_MOUSE,0.041027,212499000,1
RM55_MOUSE,0.229709,37803500,1
RMD1_MOUSE,0.027651,2794110000,7
RMND1_MOUSE,0.331029,323859000,3
RN114_MOUSE,0.010482,25353500,1
ROA0_MOUSE,0.152447,221368000,1
ROA1_MOUSE,0.139871,6638620000,7
ROA2_MOUSE,0.095675,19629400000,14
ROA3_MOUSE,0.075688,5964380000,5
ROAA_MOUSE,0.176271,1673980000,2
ROMO1_MOUSE,0.018371,1042730000,2
ROR2_MOUSE,0.041892,7856700,1
RPN1_MOUSE,0.045726,722056000,4
RPN2_MOUSE,0.071712,344045000,4
RRAS2_MOUSE,0.059656,1884830000,5
RRAS_MOUSE,0.072885,494569000,2
RRF2M_MOUSE,0.065499,588792000,3
RRFM_MOUSE,0.027435,79091500,2
RS10_MOUSE,0.066213,3828260000,3
RS11_MOUSE,0.788432,900130000,3
RS12_MOUSE,0.055287,5139100000,6
RS13_MOUSE,0.060958,4401500000,4
RS14_MOUSE,0.048238,3910040000,4
RS15A_MOUSE,1.532286,1776500000,2
RS15_MOUSE,0.039079,22784700,1
RS16_MOUSE,0.074127,1822310000,2
RS17_MOUSE,0.098166,919592000,2
RS18_MOUSE,0.064364,2511050000,4
RS19_MOUSE,0.07111,2737430000,4
RS20_MOUSE,0.057796,1184730000,1
RS21_MOUSE,0.046754,1050900000,2
RS23_MOUSE,0.065468,1492300000,3
RS24_MOUSE,34.423982,925417000,2
RS25_MOUSE,0.182847,596634000,1
RS26_MOUSE,0.091725,736012000,1
RS27A_MOUSE,0.230038,53988300000,5
RS27L_MOUSE,0.039736,257647000,1
RS28_MOUSE,0.058215,1875420000,2
RS29_MOUSE,0.276291,178408000,1
RS2_MOUSE,0.078952,4014320000,9
RS3A_MOUSE,0.039526,4033070000,8
RS3_MOUSE,0.073919,6239100000,8
RS4X_MOUSE,0.048073,6402120000,6
RS5_MOUSE,0.048765,23232800,2
RS6_MOUSE,5.121939,1153260000,2
RS7_MOUSE,0.04249,2735370000,3
RS8_MOUSE,0.061564,6213290000,8
RSSA_MOUSE,0.060943,3098490000,7
RSU1_MOUSE,0.019155,1105890000,5
RT15_MOUSE,0.039816,15975500,1
RT18A_MOUSE,0.054494,81523900,1
RT22_MOUSE,0.039798,177385000,3
RT23_MOUSE,0.052011,274891000,1
RT24_MOUSE,0.053489,31388300,1
RT25_MOUSE,7.5E-05,10540600,1
RT27_MOUSE,0.038451,188122000,2
RT28_MOUSE,0.079897,131045000,2
RT29_MOUSE,0.15412,679075000,3
RT30_MOUSE,0.233539,60239400,1
RT31_MOUSE,0.153303,37446700,2
RT34_MOUSE,0.049826,31373500,1
RT35_MOUSE,2.827862,3609230000,2
RT36_MOUSE,0.021945,5707570000,6
RT4I1_MOUSE,0.027597,8017710000,11
RTCB_MOUSE,0.085728,132882000,2
RTN2_MOUSE,0.047723,7725710000,7
RTN3_MOUSE,0.044971,1881150000,2
RTN4_MOUSE,0.086815,2209570000,3
RTRAF_MOUSE,0.064525,755719000,4
RUXG_MOUSE,0.143462,401116000,1
RYR2_MOUSE,0.07069,78277800000,129
S10A1_MOUSE,0.124554,17178500000,5
S10A6_MOUSE,2.886566,5929940000,1
S10AA_MOUSE,0.034239,682057000,1
S10AB_MOUSE,0.094614,908099000,2
S12A7_MOUSE,0.054153,153401000,1
S2542_MOUSE,0.027313,1583850000,6
S2551_MOUSE,0.104791,1119840000,3
S27A1_MOUSE,0.112834,1417940000,6
SAC1_MOUSE,0.048819,721404000,5
SAHH_MOUSE,0.02822,2152980000,10
SAM50_MOUSE,0.017052,53960200000,24
SAP_MOUSE,0.152481,9088010000,8
SAR1B_MOUSE,0.123023,143370000,1
SARNP_MOUSE,0.060565,498522000,1
SBP1_MOUSE,0.04471,79915600000,32
SC22B_MOUSE,0.907987,615243000,1
SC23A_MOUSE,0.102292,274799000,2
SC31A_MOUSE,0.071056,1298860000,1
SC61B_MOUSE,0.048562,73465900,1
SCAM2_MOUSE,0.000814,57741500,1
SCFD1_MOUSE,0.307164,7564920,1
SCO1_MOUSE,0.01144,385215000,2
SCO2_MOUSE,0.053747,109311000,3
SCOT1_MOUSE,0.047645,155469000000,42
SCP2_MOUSE,0.186226,11680900000,9
SCPDL_MOUSE,0.024665,1544150000,5
SCRN2_MOUSE,0.04425,75395900,3
SCRN3_MOUSE,0.027132,724899000,3
SDCB1_MOUSE,0.043628,59821700,1
SDHA_MOUSE,0.032819,561421000000,77
SDHB_MOUSE,0.033443,176946000000,23
SDHF2_MOUSE,0.045448,112720000,2
SEPT2_MOUSE,0.038647,1321310000,6
SEPT4_MOUSE,0.03096,38920800,1
SEPT6_MOUSE,0.053388,33513400,1
SEPT7_MOUSE,0.059958,964891000,2
SEPT9_MOUSE,9.874304,1880490000,1
SERHL_MOUSE,0.121236,281240000,2
SERPH_MOUSE,0.184468,4045870000,14
SFPQ_MOUSE,0.086881,3294480000,8
SGCA_MOUSE,0.043387,4342130000,6
SGCB_MOUSE,0.046871,2542610000,5
SGCD_MOUSE,0.03699,2742700000,5
SGCG_MOUSE,0.05019,1557130000,2
SGTA_MOUSE,0.05199,110121000,2
SH3BG_MOUSE,0.067141,3083720000,4
SH3L1_MOUSE,0.08777,406993000,2
SH3L3_MOUSE,0.032096,960347000,2
SHLB1_MOUSE,0.191989,406476000,1
SHLB2_MOUSE,0.000226,174315000,1
SIM20_MOUSE,0.054653,259550000,1
SIR3_MOUSE,0.061522,810092000,5
SIR5_MOUSE,0.022657,20090400000,13
SKP1_MOUSE,3.763421,237201000,3
SLIRP_MOUSE,0.015658,1141780000,1
SLMAP_MOUSE,1.137316,2084140000,3
SMD2_MOUSE,3.603152,297167000,1
SMPX_MOUSE,0.256476,1341660000,3
SMYD1_MOUSE,0.050167,17700900000,18
SNAA_MOUSE,0.044145,473548000,2
SNAG_MOUSE,0.051428,22925300,1
SND1_MOUSE,0.194072,1685450000,3
SNTA1_MOUSE,0.04882,5669410000,10
SNX2_MOUSE,0.060023,49606000,1
SNX32_MOUSE,0.005363,685003000,1
SODC_MOUSE,0.036932,132429000000,8
SODM_MOUSE,0.021969,166134000000,31
SORCN_MOUSE,0.05243,1199880000,3
SPA3K_MOUSE,0.513038,10963900000,9
SPA3M_MOUSE,0.258682,316479000,2
spALDOA_RABIT,0.463459,4925480,1
SPB6_MOUSE,0.036885,3755940000,9
spCASB_BOVIN,9E-06,842842000,1
SPEG_MOUSE,0.038151,1882980000,12
spK1C10_HUMAN,0.001602,10897000000,15
spK1C9_HUMAN,0.000458,17810200000,17
spK22E_HUMAN,8.9E-05,4507560000,14
spK2C1_HUMAN,7.4E-05,12629100000,19
spMYG_HORSE,0.476915,2672600000,3
SPRE_MOUSE,0.040534,46475700000,12
SPRY4_MOUSE,0.046716,842352000,2
spSYH_HUMAN,0.057217,149037000,3
SPSY_MOUSE,0.029334,19297900,1
SPTA1_MOUSE,0.116505,1416340000,9
SPTB1_MOUSE,0.036107,969030000,6
SPTB2_MOUSE,0.09842,59244900000,76
SPTN1_MOUSE,0.033225,151156000000,109
spTRYP_PIG,0.000373,208654000000,11
spUBE2I_HUMAN,0.156853,46592200,1
SQOR_MOUSE,0.245,2612830000,8
SRBS1_MOUSE,0.081738,15151600000,19
SRBS2_MOUSE,0.067165,21759800000,24
SRC8_MOUSE,0.068524,44828700,1
SRCA_MOUSE,0.0193,389343000000,58
SRPRB_MOUSE,0.342122,36009100,1
SRSF1_MOUSE,0.097817,974778000,2
SRSF3_MOUSE,1.803703,817202000,2
SRSF4_MOUSE,0.028118,2872800000,1
SSBP_MOUSE,0.026933,2406400000,5
SSDH_MOUSE,0.0201,35649500000,19
STA5A_MOUSE,0.080695,132911000,1
STIP1_MOUSE,0.112736,2959080000,10
STK24_MOUSE,0.255952,45297000,2
STML2_MOUSE,0.034165,617373000,3
STOM_MOUSE,0.064934,1528310000,6
STRAP_MOUSE,0.085681,42081600,1
STX12_MOUSE,0.238886,76051600,1
STX4_MOUSE,0.463459,2618790,1
STX7_MOUSE,0.066243,291859000,2
SUCA_MOUSE,0.019087,159514000000,27
SUCB1_MOUSE,0.026683,259381000000,38
SUCB2_MOUSE,0.061521,24983400000,13
SUMO2_MOUSE,0.188113,1194560000,1
SUOX_MOUSE,0.027943,893782000,3
SURF1_MOUSE,0.05477,38635000,2
SURF4_MOUSE,0.064229,28792400000,6
SUV3_MOUSE,0.028126,229322000,2
SYAC_MOUSE,0.210124,71046200,2
SYCM_MOUSE,0.007295,127991000,2
SYDC_MOUSE,0.019785,2939820000,3
SYEP_MOUSE,0.061521,1749180000,14
SYFB_MOUSE,0.001458,41228400,1
SYFM_MOUSE,1.259812,36962900,1
SYIC_MOUSE,0.023938,1702130000,4
SYIM_MOUSE,0.028379,11370200000,19
SYK_MOUSE,0.075889,411433000,3
SYLC_MOUSE,0.118051,10597100,1
SYLM_MOUSE,0.021861,132058000,2
SYMM_MOUSE,0.03397,12657600,1
SYNC_MOUSE,0.084423,26127500,1
SYNP2_MOUSE,0.055485,1958290000,9
SYNPO_MOUSE,0.141968,1223040000,7
SYP2L_MOUSE,0.056947,7881110000,14
SYPL1_MOUSE,0.020242,910982000,1
SYQ_MOUSE,0.068431,12528700000,4
SYRC_MOUSE,0.044114,3390160000,5
SYUG_MOUSE,0.27242,77989500,1
SYVC_MOUSE,0.116422,39216800,1
SYWC_MOUSE,0.291254,651351000,5
SYYM_MOUSE,0.051114,45107400,1
T126A_MOUSE,0.060415,675015000,2
T22D1_MOUSE,0.020098,2515960000,1
TACO1_MOUSE,0.068892,19033500000,5
TADBP_MOUSE,0.173251,2257650000,5
TAGL2_MOUSE,0.091952,5805540000,12
TAGL_MOUSE,0.052435,6004890000,8
TALDO_MOUSE,0.072124,11587500000,4
TAU_MOUSE,0.102101,218837000,2
TBA1A_MOUSE,0.066804,59977900000,33
TBA1B_MOUSE,0.068723,24645400000,31
TBA1C_MOUSE,0.06282,6317950000,18
TBA4A_MOUSE,0.077244,18266200000,10
TBA8_MOUSE,0.122741,3648600000,6
TBB2A_MOUSE,0.040571,113268000000,35
TBB2B_MOUSE,0.039591,11275100000,32
TBB4B_MOUSE,0.039302,51449000000,14
TBB5_MOUSE,0.063119,6949140000,6
TBCA_MOUSE,0.463459,147684000,1
TCPA_MOUSE,0.086455,1745170000,9
TCPB_MOUSE,0.126821,7481380000,16
TCPD_MOUSE,0.093761,1175150000,6
TCPE_MOUSE,0.143874,1355840000,5
TCPG_MOUSE,0.050178,21092700000,11
TCPH_MOUSE,0.095807,1354600000,5
TCPQ_MOUSE,0.133777,4364270000,10
TCPZ_MOUSE,0.125594,2070580000,6
TCTP_MOUSE,0.136274,9820570000,9
TEBP_MOUSE,0.063769,3129690000,4
TECRL_MOUSE,0.041558,728831000,6
TECR_MOUSE,0.147869,354051000,2
TELT_MOUSE,0.323636,8627090000,5
TERA_MOUSE,0.123328,36454400000,29
TFAM_MOUSE,0.02901,1188750000,3
TGM2_MOUSE,0.056314,66178800000,28
THEM4_MOUSE,0.026833,129300000,1
THIKA_MOUSE,0.0985,844479000,3
THIL_MOUSE,0.02393,321292000000,57
THIM_MOUSE,0.021244,884147000000,66
THIOM_MOUSE,0.033737,2610970000,3
THIO_MOUSE,0.038408,9165730000,5
THOC4_MOUSE,0.000342,131430000,2
THTM_MOUSE,0.123311,714107000,3
THTR_MOUSE,0.022803,3187230000,5
THY1_MOUSE,0.000199,24624800,1
TIDC1_MOUSE,0.050183,1712040000,3
TIGAR_MOUSE,0.062809,78284100,1
TIM10_MOUSE,0.024412,314462000,1
TIM13_MOUSE,0.038807,6289490000,3
TIM16_MOUSE,0.120359,94683700,2
TIM21_MOUSE,123.878812,315266000,1
TIM23_MOUSE,0.697656,82435200,1
TIM29_MOUSE,7.1E-05,107138000,1
TIM44_MOUSE,0.048282,12774200000,13
TIM50_MOUSE,0.045236,2163400000,5
TIM8A_MOUSE,0.021215,3368060000,2
TIM8B_MOUSE,2.400498,1605260000,2
TIM9_MOUSE,0.010982,21590300,2
TINAL_MOUSE,0.058755,1628450000,6
TITIN_MOUSE,0.041805,4175980000000,1646
TKT_MOUSE,0.040919,1475420000,8
TLN1_MOUSE,0.073965,10688600000,34
TLN2_MOUSE,0.020677,8957810000,22
TM109_MOUSE,2.2E-05,2794230000,1
TM143_MOUSE,0.025496,4856590000,10
TM177_MOUSE,0.000795,15027400,1
TM186_MOUSE,0.019705,604131000,2
TM201_MOUSE,0.084929,28253900,1
TM205_MOUSE,0.125982,272344000,1
TM38A_MOUSE,0.068585,1211590000,4
TMED1_MOUSE,0.044888,8836430,1
TMED2_MOUSE,0.072861,148704000,1
TMEDA_MOUSE,0.133009,840492000,4
TMLH_MOUSE,0.027759,294632000,2
TMM11_MOUSE,0.026003,514495000,1
TMM65_MOUSE,0.018721,3418650000,7
TMOD1_MOUSE,0.143621,10522000000,16
TMOD4_MOUSE,8.599879,286571000,1
TMX1_MOUSE,0.053912,401527000,2
TMX2_MOUSE,0.136335,375949000,2
TMX3_MOUSE,0.317968,45703500,1
TNG2_MOUSE,0.047555,3761880000,4
TNNC1_MOUSE,0.065264,145123000000,10
TNNI3_MOUSE,0.107311,317970000000,14
TNNT2_MOUSE,0.098417,415430000000,28
TNS2_MOUSE,0.116066,460648000,2
TOLIP_MOUSE,0.097666,1600440000,3
TOM1_MOUSE,0.082336,491652000,4
TOM22_MOUSE,0.027487,4891840000,3
TOM40_MOUSE,0.024137,5201110000,6
TOM70_MOUSE,0.100403,1889690000,5
TPD54_MOUSE,0.034441,34912400,1
TPIS_MOUSE,0.047823,204152000000,24
TPM1_MOUSE,0.079281,1127470000000,40
TPM2_MOUSE,0.07397,16456500000,4
TPM3_MOUSE,0.07796,266487000,1
TPM4_MOUSE,0.828282,296592000,3
TPP1_MOUSE,0.038292,886519000,5
TPP2_MOUSE,0.029718,895000000,2
TRAP1_MOUSE,0.064085,11274600000,18
TRFE_MOUSE,0.283294,119647000000,58
TRI54_MOUSE,0.779871,1881560000,3
TRI72_MOUSE,0.097819,41308800000,18
TRXR1_MOUSE,0.053336,7107320000,6
TRXR2_MOUSE,0.02808,9458520000,8
TSP1_MOUSE,0.131097,277469000,2
TTC38_MOUSE,0.076314,1487290000,6
TTHY_MOUSE,1.443397,14285800000,6
TX1B3_MOUSE,0.09705,175063000,2
TXD17_MOUSE,0.042518,962377000,4
TXLNB_MOUSE,0.507323,792766000,5
TXND5_MOUSE,0.056392,24841000,1
TXNL1_MOUSE,0.15442,760466000,5
U2AF2_MOUSE,0.171985,36188600,2
U5S1_MOUSE,0.244605,40597000,1
UAP1L_MOUSE,0.041424,21163600,1
UB2D1_MOUSE,1.7E-05,139377000,1
UB2D2_MOUSE,0.242104,732072000,2
UB2L3_MOUSE,0.084496,5531780000,5
UB2V1_MOUSE,0.053901,1160770000,3
UB2V2_MOUSE,0.036291,818429000,3
UBA1_MOUSE,0.072494,9423830000,29
UBC12_MOUSE,0.133188,730268000,4
UBE2K_MOUSE,0.072672,1078270000,4
UBE2N_MOUSE,0.051891,6830300000,4
UBP14_MOUSE,0.016955,1143030000,4
UBP15_MOUSE,4.152076,51808100,2
UBP2L_MOUSE,0.199965,143619000,2
UBP5_MOUSE,0.074943,1377210000,9
UBQL1_MOUSE,0.036148,144748000,1
UBXN1_MOUSE,0.280328,275618000,1
UCHL1_MOUSE,0.000663,124360000,2
UCHL3_MOUSE,0.063641,4585670000,6
UCP3_MOUSE,0.019934,31176900,1
UCRI_MOUSE,0.023576,220511000000,32
UFM1_MOUSE,0.002253,67718900,1
UGGG1_MOUSE,0.054191,11868800,1
UGPA_MOUSE,0.087876,7036920000,15
UN45B_MOUSE,0.158119,2031850000,7
UQCC1_MOUSE,0.538972,617950000,3
UQCC2_MOUSE,0.191455,29983200,1
UQCC3_MOUSE,0.01018,1382510000,1
USO1_MOUSE,0.001924,32150800,1
USP9X_MOUSE,0.055248,219027000,2
VAC14_MOUSE,0.065506,12100500,1
VAMP2_MOUSE,0.005469,761100000,2
VAMP3_MOUSE,0.170211,58338200,1
VAPA_MOUSE,5.258011,707258000,2
VAPB_MOUSE,0.047927,5275710000,8
VAT1_MOUSE,0.029158,2550780000,1
VATA_MOUSE,0.059367,82215600,3
VATB2_MOUSE,0.140842,132011000,1
VATL_MOUSE,0.79794,767219000,1
VDAC1_MOUSE,0.027489,417679000000,33
VDAC2_MOUSE,0.027027,140036000000,21
VDAC3_MOUSE,0.029537,161609000000,12
VIGLN_MOUSE,0.067549,113487000,1
VIME_MOUSE,0.065582,61077600000,27
VINC_MOUSE,0.028247,64949700000,37
VINEX_MOUSE,0.228021,693809000,2
VMA5A_MOUSE,0.076443,1504580000,3
VP13C_MOUSE,0.096117,8296130,1
VP26A_MOUSE,0.017422,772777000,2
VP26B_MOUSE,5.9E-05,422620000,1
VPS29_MOUSE,0.044703,200210000,3
VPS35_MOUSE,0.074064,6408610000,9
VPS36_MOUSE,0.046366,23430600,2
VTDB_MOUSE,1.041762,2628950000,6
VWA1_MOUSE,0.00873,204700000,2
VWA8_MOUSE,0.037955,109158000000,47
WBP2_MOUSE,0.037823,68299600,1
WDR1_MOUSE,0.056563,16001600000,21
XDH_MOUSE,0.076671,1027490000,8
XIRP1_MOUSE,0.109765,1147600000,8
XPP1_MOUSE,0.055397,142406000,2
YBOX1_MOUSE,0.032024,479735000,3
YKT6_MOUSE,17.856232,8586970,1
ZNT9_MOUSE,0.028734,294195000,2

