proteinName,peptideSeq,charge,old_Rsquared,new_Rsquared,NDP,rateconstant,sigma,Abundance,MassToCharge,RMSE,selected_A1A0_count, selected_A2A0_count, selected_A2A1_count,improved_timePoints,new_k,I0_percentatediffI0_percentatediff,selected_io_t,i0,I0_asymptote,new_rmse,lowerci_old,upperci_old,sigma_old,lowerci_new,upperci_new,sigma_new,old_pearson,new_pearson
MYH6_MOUSE,LTGAIMH,2,0.723805450630209,0.941847444286164,8,0.03467,0.00646239932763568,154801675,371.69943,0.0305889887557417,0,4,3,1| 2| 3| 7| 9| 21| 31,NaN,-0.0322044447321088|-0.0598015045016392|,0.675771118818408| 0.670917128806862| 0.671466630486581| 0.671541194482016| NaN| 0.628805755083283| 0.571204165090705| NaN| NaN| 0.51209426031227| NaN| 0.484130401622814,0.675771118818408,0.402527789534678,0.0144161019659114,0.0185872681408752,0.0507527318591248,0.00680139005269559,0.0270904652784399,0.0422495347215601,0.00320538652952988,0.974773160828001,0.981310274043182
MYH6_MOUSE,YSIGALAK,2,0.949977647223949,0.963160592942029,7,0.04248,0.00260155298276962,1331126757.14286,411.73962,0.0147404539955974,4,0,1,2| 6| 16| 24| 31,NaN,-0.00248496943241869|-0.0156023714296297|-0.0251216665948221|,0.636451468493818| NaN| 0.593529813526089| NaN| 0.534388575903459| NaN| NaN| NaN| 0.451943150302714| 0.445942969108458| 0.42713862678863| 0.399972402282301,0.636451468493818,0.314008920430473,0.0122747970713114,0.0343094091137043,0.0506505908862957,0.00333914394297103,0.0356761155937299,0.0492838844062701,0.00278060053673448,0.989506460125908,0.990745900556871
MYH6_MOUSE,IHFGATGK,2,0.953922358660813,0.964275805352995,12,0.04314,0.002546462462877,817178916.666667,415.72958,0.015091787471712,5,0,3,2| 3| 6| 9| 16| 21| 24| 31,0.0497053586840802,-0.0144437360445039|-0.00083610006607425|-0.000975909500222444|-0.0095052943013691|0.0161329710090263|-0.00684180410802807|-0.00221382394271478|,0.626320150800269| 0.611564768197604| 0.596098247462285| 0.581579653094439| 0.538679718942596| 0.55173815245425| 0.522542364998396| 0.475284057158733| 0.461480795603294| 0.453210802304544| 0.439473333000576| 0.404022789579202,0.626320150800269,0.339533673168901,0.0134108940442346,0.0377134807594806,0.0485665192405194,0.00246549560723511,0.0383178757353949,0.0479621242646051,0.00219089358481438,0.989171306741779,0.991938944610074
MYH6_MOUSE,YDNHLGK,2,0.855278303777401,0.905856939831711,12,0.03909,0.00446815602905332,73309943.3333333,423.70886,0.0241204304307928,5,2,3,1| 2| 3| 6| 7| 9| 13| 16| 21| 24,0.0522196612189554,0.00260304521122304|-0.0298343955452834|-0.0169823768109131|-0.00296498017821657|-0.0149171282679854|-0.00216217430531711|-0.00840263570785904|-0.0137155198132251|,0.645565264364019| 0.63964861158861| 0.616408228727292| 0.609540480312629| 0.573453672353549| 0.582546685638647| 0.553791205808461| 0.517212719050153| 0.505753653010703| 0.491597820504173| 0.487799597727464| 0.438287884184213,0.645565264364019,0.403080030783315,0.0196513760939597,0.0304265612947583,0.0477534387052417,0.00393616407214284,0.0320317307559185,0.0461482692440815,0.00320686816809298,0.986806526041652,0.991297103302185
MYH6_MOUSE,ASIAAIGDR,2,0.984068550475829,0.996555790800225,11,0.04965,0.00184640514227803,1920514090.90909,437.24304,0.0129428218827039,3,1,0,2| 6| 7| 16,NaN,-0.0173526596695141|-0.0435052761458306|0.0193643621739476|,0.628313306800776| 0.606973031851112| 0.579636143642657| 0.573431752282001| 0.522953739844573| 0.502996085946595| 0.466026041134487| 0.419383306927866| 0.402165196637802| NaN| 0.335181407440768| 0.298325598756716,0.628313306800776,0.212673732588903,0.00593625005579586,0.0452626832945629,0.0540373167054371,0.00196904995520617,0.0476377487866654,0.0516622512133346,0.00090310853478388,0.995222145353866,0.998869081830797
MYH6_MOUSE,AEVVAAYR,2,0.933325040536722,0.9598419436964,5,0.0427,0.00403672402254123,184882220,439.74014,0.0125035192984328,2,1,0,2| 3| 13,NaN,0.0210100371191422|0.0170605525228894|,0.620477058467709| 0.618166647709599| 0.593255428958668| 0.572726065524502| NaN| NaN| NaN| 0.431126085820387| NaN| NaN| NaN| NaN,0.620477058467709,0.241895609442919,0.00908460466180783,0.0239821239586517,0.0614178760413483,0.00674166977290356,0.0291002686055207,0.0562997313944793,0.00489825329857052,0.992788629542046,0.996944801050421
MYH6_MOUSE,ILYGDFR,2,0.94231878754274,0.969541105547954,12,0.05447,0.00386245615502006,17774093816.6667,442.23724,0.0136027064488392,9,0,0,1| 2| 3| 6| 7| 9| 13| 16| 31,0.0626185645296587,-0.000724705175782192|-0.0025218944501006|-0.00707512866511747|-0.0115038466720539|-0.0115051351879912|-0.0138132313841879|-0.0171263025012941|-0.00893044166329471|,0.600520199233726| 0.579830377352449| 0.570132462993185| 0.568074259565228| 0.527202793264356| 0.528935201324045| 0.508876739564721| 0.475291293086571| 0.473960749881601| 0.456572274612423| 0.450116846393276| 0.419907510602569,0.600520199233726,0.393037180570469,0.00977515979630805,0.0468016636457996,0.0621383363542004,0.00348404727931509,0.0489593897757718,0.0599806102242282,0.00250370167299344,0.990271472292148,0.993987429270585
MYH6_MOUSE,INATLETK,2,0.983598943106749,0.994613245076206,12,0.05388,0.00212545943543605,5497123000,445.25308,0.00952048654198574,1,4,1,1| 2| 3| 7| 16| 24,0.0542733812564906,0.0152185925898647|0.0160473710633486|0.0157360284867191|0.0228085602714411|-0.0146942026446607|0.00438558780370675|,0.605237928812061| 0.594766602792803| 0.57435822984906| 0.576271793123533| 0.532834759134819| 0.5231985930229| 0.508968175787644| 0.478999684498753| 0.443357769307169| 0.430233898017576| 0.41598364800655| 0.387642735187157,0.605237928812061,0.343927965555963,0.00522719373936283,0.0490280957293689,0.0587319042706311,0.00220442389232577,0.0512160769414899,0.0565439230585101,0.00121033213145677,0.994664540138291,0.997591307337482
MYH6_MOUSE,VGNEYVTK,2,0.924372926444397,0.957455714215481,10,0.04808,0.00414770303894625,276421050,455.23746,0.0165981241796911,4,1,1,1| 3| 6| 7| 13| 24,NaN,-0.034904374825379|-0.00477831824740388|-0.00763269817377014|-0.0157117965238319|-0.0248469809275535|,0.615126898393467| 0.608840408650927| NaN| 0.578654342479327| 0.539856085720915| 0.543742365081626| 0.52706298388131| 0.508739597448755| NaN| 0.464467392770426| 0.43902660222761| 0.402252370039308,0.615126898393467,0.384074829962155,0.0126231902880171,0.0388137751307593,0.0573462248692407,0.00409618970012859,0.0410328590996384,0.0551271409003615,0.00311523046103038,0.991149632295035,0.992459701373451
MYH6_MOUSE,SLSTELFK,2,0.969084612041489,0.984557414707158,11,0.05362,0.00295807718797872,17506690000,462.75546,0.0113180666488626,10,0,0,1| 2| 3| 6| 7| 9| 13| 21| 24| 31,NaN,-0.0105947760027514|-0.00131979083882636|-0.00240415528550017|-0.00557047989520831|-0.00889611069855179|-0.00456235477066836|-0.0240340420650472|-0.0214300981074449|-0.017720154812695|-0.0274466959653846|,0.598031171918935| 0.58351510177509| 0.564094845549851| 0.553889467295787| 0.516334764439112| 0.517867001610576| 0.490277470164211| 0.473724634219749| NaN| 0.438983955627313| 0.418629988587856| 0.398142874416073,0.598031171918935,0.356221446880225,0.00764585062163384,0.0472062655570486,0.0600337344429514,0.00287851649778257,0.0492872409697673,0.0579527590302327,0.00194456419428896,0.997488347744409,0.996199748784997
MYH6_MOUSE,HDcDLLR,2,0.957697894446681,0.965358554944645,11,0.06199,0.00434024308279797,5128645545.45455,464.7189,0.0155074724864445,5,0,1,1| 6| 7| 9| 13| 21,NaN,-7.95608933165823E-05|-0.00679466630967239|-0.00481884586739058|-0.0133613226976383|-0.0229865274766108|-4.69189108651184E-05|,0.599167418220717| 0.568777483454793| 0.550130811680306| 0.550451439961491| 0.503702456800052| 0.505464818944847| 0.478238449648021| 0.449109482823844| NaN| 0.399068930540993| 0.37398408152238| 0.354049753225356,0.599167418220717,0.340478382742035,0.0139629977793663,0.0518186902836714,0.0721613097163286,0.0045649353092073,0.052831707112072,0.071148292887928,0.00411028822660363,0.996979918324975,0.996298826075808
MYH6_MOUSE,SNAAAAALDK,2,0.989547985993313,0.992522415842159,11,0.05602,0.00154693107570221,1074905981.81818,466.24579,0.0104790465645542,2,0,1,1| 2| 21,NaN,-0.0089296996142565|-0.032113931606488|,0.602727225845219| 0.579443066661789| 0.564167373568477| 0.539426559682278| 0.468508189901926| 0.468973332980741| 0.427083342964781| 0.371529165858909| 0.327521258795403| 0.284954121071427| 0.271034604331272| NaN,0.602727225845219,0.16898138163124,0.00942603921248663,0.0522697768668083,0.0597702231331917,0.00168311913367752,0.0526466253240432,0.0593933746759568,0.00151398763767263,0.995151114226864,0.998800910906774
MYH6_MOUSE,LQQFFNH,2,0.0919025391203607,0.897928389802693,6,0.07858,0.0191216017010869,28234676.6666667,467.23251,0.0320781961917257,5,0,0,0| 1| 3| 7| 21,NaN,,0.538403726238156| 0.533243361023631| 0.522532560613535| 0.534408776292082| NaN| 0.466903969133427| NaN| NaN| NaN| 0.377962167885604| NaN| NaN,0.538403726238156,0.291873404653974,0.0130894562264354,0.00243150527557567,0.154728494724424,0.0296230579764484,0.0475077295254712,0.109652270474529,0.0120876410368703,0.889816076732968,0.977125699523701
MYH6_MOUSE,LYDNHLGK,2,0.97012670418176,0.980330518617949,12,0.06575,0.00382111758632946,868568183.333333,480.25089,0.0117642034904558,4,2,1,3| 7| 9| 13| 16| 21| 31,0.071756388060224,0.0202531007301427|0.0256640376659432|0.0163582722715172|-0.0172814768949154|-0.0112323798546983|-0.00972970532370557|,0.577835255560241| 0.555911145868933| 0.540724805991077| 0.53693102819876| 0.505313834367096| 0.500429420288972| 0.481006492346802| 0.455569923053106| 0.421989933820002| 0.411328424243712| 0.398278601643951| 0.365809683884431,0.577835255560241,0.360790558996948,0.00920656580837523,0.0576412167103024,0.0738587832896976,0.00368416082108233,0.0594041350170438,0.0720958649829562,0.00288319299096195,0.989760331523143,0.994753786726523
MYH6_MOUSE,LGLLEEMR,2,0.520951116828145,0.874640265892899,11,0.038,0.00762689410592715,6038047.45454545,480.76276,0.0469409762154588,3,3,1,2| 3| 6| 7| 9| 13| 31,NaN,-0.071336517409458|-0.00195651134174197|,0.501951531023346| 0.558340164089172| 0.559762403341035| 0.527297066699461| 0.509728977140027| 0.516328290230527| 0.517063864415331| 0.428032208258076| NaN| 0.386757016054843| 0.371330067926424| 0.347492884790463,0.501951531023346,0.236256403781874,0.0248838837149688,0.0193842477294404,0.0566157522705596,0.00835484389103899,0.0281316024481247,0.0478683975518753,0.0044289867958235,0.762866669323474,0.938597471375659
MYH6_MOUSE,LEAQTRPF,2,0.267352252051748,0.93836150474573,10,0.29349,0.0651532998302855,486762180,481.2587,0.0523102606264858,1,5,0,0| 6| 7| 9| 13| 24,NaN,,0.588298807047866| 0.419436529669014| 0.387214119931483| 0.365279288190641| 0.295189149268574| 0.284352719243923| 0.289439624761534| 0.245626151078451| NaN| 0.229838827492803| 0.236992152147915| NaN,0.588298807047866,0.240411430201822,0.0237489438408464,0.12330214727687,0.46367785272313,0.0752325503912155,0.216224436641873,0.370755563358127,0.0341557008672212,0.919855621259598,0.974142863465718
MYH6_MOUSE,NAEVVAAYR,2,0.960053611317471,0.988885924846757,10,0.06463,0.00363201106768626,181648700,496.7616,0.0155159187770699,0,3,1,9| 13| 21| 31,NaN,0.0241527026556533|,0.540697151386224| 0.519178347981721| 0.501305749443632| 0.463798347179187| 0.439777677461543| 0.427831009258018| 0.393538462390125| 0.337071510685619| NaN| 0.287084189046489| NaN| 0.218281064957372,0.540697151386224,0.191843268241927,0.00956634140524187,0.0544344934520529,0.0748255065479471,0.00450698418165161,0.058343959331807,0.070916040668193,0.00277878158613602,0.9964704123314,0.994776251487865
MYH6_MOUSE,YETDAIQR,2,0.995992833475812,0.997661634709811,9,0.06305,0.00141426774415242,1785601555.55556,498.24326,0.00563631257830635,1,2,0,7| 21| 31,NaN,0.00923966963903658|0.0227989040028112|-0.045396622515088|,0.577753277654551| 0.560692207218632| 0.539264238694147| NaN| 0.467139971178432| 0.468714195047341| 0.433236154310988| NaN| NaN| 0.332410793187881| 0.312788624339726| 0.298664785545857,0.577753277654551,0.247488172883341,0.00424860530925385,0.0591707027196984,0.0669292972803015,0.0016822594639921,0.0601258181360098,0.0659741818639902,0.00126807312244685,0.998259307066952,0.998885621309846
MYH6_MOUSE,FASIAAIGDR,2,0.679292478173457,0.99306248243924,12,0.04647,0.00619572533138328,1657116350,510.77725,0.0477009325931059,6,1,1,1| 2| 3| 6| 7| 9| 13| 21,0.0480624330478241,,0.58401118675095| 0.56203334006294| 0.540266657655481| 0.528712488312982| 0.481194495746768| 0.479950907876804| 0.453412869563462| 0.381373011572771| 0.375981937216154| 0.330952420240217| 0.321218786141723| 0.281019183570032,0.58401118675095,0.188583579474531,0.00817872994929661,0.0330799168165309,0.0598600831834691,0.00608367717981153,0.0441741565352532,0.0487658434647468,0.00104309811250039,0.93646961250417,0.997152521085219
MYH6_MOUSE,cINFTNEK,2,0.672417750365887,0.67186229409147,8,0.04745,0.00871223971150677,130825907.5,513.23969,0.0299928819842475,1,2,2,2| 3| 7| 21| 31,NaN,0.0106642918391075|-0.0135444920857119|0.0291569933316597|-0.0690589361979183|,0.561640480393867| NaN| 0.515906794127758| 0.534672699678069| NaN| 0.484613593320933| 0.388499723539725| 0.451414584713302| NaN| 0.414197099897601| NaN| 0.398564862482457,0.561640480393867,0.334545077157831,0.0286857394395985,0.021857324489707,0.073042675510293,0.0108231468485756,0.0229726982976815,0.0719273017023185,0.0103514550745011,0.870868704968312,0.862534641500161
MYH6_MOUSE,PEGQFIDSR,2,0.277120264820794,0.534301733698279,11,0.04467,0.0165101165305778,9214982.27272727,524.75653,0.104355505535557,0,2,2,6| 7| 13| 16,NaN,-0.00303974128612044|,0.54265531153749| 0.521725876150467| 0.513451503454276| 0.504898454439103| 0.27712291874115| 0.549900012278275| 0.374264414444188| 0.401188922624047| 0.366754526879337| 0.334305590482783| 0.314789854839292| NaN,0.54265531153749,0.201823358230621,0.0628288703806386,0.00369466756804006,0.0856453324319599,0.0183899366986023,0.0200001578392143,0.0693398421607857,0.0110719500922828,0.560963643277895,0.74368530963009
MYH6_MOUSE,ALAHALQSSR,2,0.896165752014644,0.981065573347333,10,0.04111,0.00361450462765672,5017390.2,527.29358,0.0265606398776399,1,4,2,1| 2| 3| 7| 9| 13| 21,NaN,0.0459285972347878|-0.00254679102554999|0.0582973697203945|,0.564237686197459| 0.537382773966411| 0.51690705478082| 0.501653667287845| 0.473458185794586| 0.459861390793353| 0.408416092075353| 0.390643925260692| NaN| 0.324424685780444| 0.306270235166762| NaN,0.564237686197459,0.150912512627891,0.0105193069309552,0.0318160323997266,0.0504039676002734,0.00410845353903959,0.037429136201386,0.044790863798614,0.0016271476887539,0.946797149564625,0.994651414703184
MYH6_MOUSE,SNAAAAALDKK,3,0.95954341670429,0.985144391721214,9,0.05494,0.00272228224688171,259476077.777778,353.86459,0.014610276556065,2,1,2,1| 2| 3| 6| 21,NaN,-0.0228461837667992|-0.0317442810651555|-0.0785633492844806|0.00443885101607085|,0.567914638260271| 0.536704400441001| 0.512176347760916| 0.510689839906792| 0.46265501966968| 0.426965339241412| 0.389957646961234| 0.340934107046353| NaN| 0.293353600513402| NaN| NaN,0.567914638260271,0.151895960008641,0.00928848689129073,0.047398117371093,0.062481882628907,0.00327054167599402,0.0501452462754255,0.0597347537245745,0.00207924766983824,0.992226104199731,0.993447849746121
MYH6_MOUSE,SNAAAAALDKK,2,0.98651787923693,0.99200076368715,12,0.0551,0.00181584619058386,434299425,530.29327,0.0126410407801221,4,4,0,1| 2| 6| 7| 16| 21| 24| 31,0.0547033760133975,-0.0112450379828766|-0.0174019638584989|-0.0776338817253939|0.00686254054165578|0.0104912822771994|0.00352979261977772|,0.565762259416177| 0.53912764629717| 0.518369115965197| 0.502216203282627| 0.465273684983698| 0.431937224259673| 0.386938388224599| 0.341605401113448| 0.340080724027035| 0.28181346259698| 0.26304135130055| 0.237125801438581,0.565762259416177,0.151320279036889,0.00974806013934971,0.0510164783440519,0.0591835216559481,0.00185531539805723,0.0519510176199167,0.0582489823800833,0.00143071495395878,0.995359942084933,0.99626947320691
MYH6_MOUSE,ANSEVAQWR,2,0.991461781194246,0.995284460062763,11,0.04583,0.00119799986929036,11307937027.2727,530.76215,0.00811206751984456,3,2,0,1| 2| 3| 6| 21,NaN,-0.00426220471962201|-0.0232666833947864|0.0247231386086471|-0.0644487480625901|0.0306053610129951|,0.551593729001337| 0.530602735970112| 0.522251040000384| 0.49806399045282| 0.473389880257274| 0.451120602589554| 0.418517742342459| 0.370282624424811| NaN| 0.319222977696277| 0.306788473111994| 0.270294644276131,0.551593729001337,0.178115628930815,0.00617408075822389,0.0429333245713946,0.0487266754286054,0.00130004260140916,0.0436253452701395,0.0480346547298605,0.000989460207351115,0.996502854082763,0.997676161093517
MYH6_MOUSE,LQQFFNHH,2,0.985802787926825,0.996147468730512,4,0.05847,0.00160132745968925,653876675,535.76196,0.00305990993144076,1,1,0,1| 9,NaN,-0.000167907134615577|0.0218681618824671|,0.526500697113745| 0.507915010374739| NaN| NaN| 0.438871849590139| NaN| 0.412063594410943| NaN| NaN| NaN| NaN| NaN,0.526500697113745,0.247811100476467,0.00169493441913835,0.0484140903445589,0.0685259096554411,0.00315980497130352,0.0528998663121998,0.0640401336878002,0.00175026792409706,0.994630443538537,0.999077390224988
MYH6_MOUSE,ADIAESQVNK,2,0.992431430795697,0.994547927717959,9,0.06365,0.00172764136054495,901459511.111111,537.7749,0.00720240362843584,0,2,1,1| 7| 31,NaN,-0.0467748184001016|0.0063455714935482|-0.0174321753933148|,0.553764581936178| 0.541146066002716| 0.503423441347814| 0.497472309810734| 0.425515818222563| 0.431236177006843| 0.390110515092381| 0.345466210280528| NaN| NaN| NaN| 0.23218833656508,0.553764581936178,0.178816621011536,0.00622249704442729,0.0587801006867524,0.0685198993132476,0.0021118345969512,0.0594426637208025,0.0678573362791975,0.00182451376176233,0.99632368839298,0.997563604946876
MYH6_MOUSE,LTGAIMHYGN,2,0.95626937965729,0.991254040599357,8,0.04648,0.00301615450951343,1813660625,538.76331,0.0126799889379919,3,2,2,1| 2| 3| 7| 16| 21| 24,NaN,-0.0206369990553561|-0.0575384008698683|-0.0274526752083288|-0.0200729545609976|-0.00588340144624083|,0.536771388556154| 0.522320740823913| 0.519537763825635| 0.50499579627962| NaN| 0.449155047949023| NaN| NaN| 0.375979202154503| 0.362006016201327| 0.335871742803805| NaN,0.536771388556154,0.252645265678812,0.00584418450394758,0.0379414243203277,0.0550185756796723,0.00361096511467126,0.042544585551537,0.050415414448463,0.00166428744304561,0.993893812619192,0.997171544343727
MYH6_MOUSE,SLNDFTTQR,2,0.977681747920811,0.992931932423416,12,0.05439,0.00239646772692652,13463261833.3333,541.26727,0.0113234042682538,1,5,3,1| 2| 3| 7| 9| 13| 16| 24| 31,0.0564063042368042,0.0117670545658923|0.0353267177774151|0.0510049264820177|0.0116165685181301|-0.00171174294591657|-0.00246079145127335|-0.00361595970042783|-0.0049593603423588|,0.548733123735762| 0.533083031466129| 0.507857395625632| 0.502048318054074| 0.470598210949702| 0.452374988327973| 0.44758815823938| 0.401019567823245| 0.378887048959366| 0.36545035342114| 0.341683403653809| 0.320629213117142,0.548733123735762,0.270730926580274,0.00617837057567455,0.0489441979962446,0.0598358020037554,0.00247425657645804,0.0514186159476544,0.0573613840523456,0.00135002457445733,0.988839969476424,0.997341888571231
MYH6_MOUSE,MFNWMVTR,2,0.839537611561497,0.878319306045847,12,0.03254,0.00381120694321872,5136720833.33333,542.75696,0.0151854048252197,2,1,3,2| 3| 6| 9| 13| 31,0.0453689250287125,-0.00405370358873104|-0.017702310956221|-0.0166758361738652|-0.0184641408982935|-0.00121222124170071|-0.00499162356420718|,0.503129778075392| 0.49560369363266| 0.489082496136274| 0.49012920996581| 0.464195031072657| 0.457668769542574| 0.45312237732131| 0.433809555922311| 0.41371587231506| 0.406629250632786| 0.395782148102981| 0.392669111706872,0.503129778075392,0.34517626488233,0.0135080683080113,0.0251959289304469,0.0398840710695531,0.00333671994121092,0.0260071340798464,0.0390728659201536,0.00296815537085484,0.989912404739735,0.990365950171218
MYH6_MOUSE,AQLEFNQIK,2,-23.5137639995585,-5.89970321413959,6,10.79682,322492559.707099,4233388445,545.79822,0.0867512469197477,1,0,5,0| 2| 3| 16| 24| 31,NaN,,0.328460090042692| NaN| 0.26794270588274| 0.316011518593213| NaN| NaN| NaN| NaN| 0.263503287476253| NaN| 0.244540365569845| 0.218966063208198,0.52637,0.20520757408325,0.0710142579770829,9.69880138739226,11.8948386126077,0.42714789226248,9.87615579882032,11.7174842011797,0.358154013511165,0.117982259592765,0.645933329189108
MYH6_MOUSE,LTGAImHYGN,2,0.858891315755414,0.976297933292253,5,0.02769,0.00352950545121898,786535220,546.76074,0.0163729209996389,2,0,0,0| 3,NaN,,0.526579923228295| NaN| NaN| 0.490105217261622| NaN| NaN| 0.45515351700054| 0.424483517704004| NaN| NaN| 0.370694923380968| NaN,0.526579923228295,0.247848390285846,0.00532980407679048,0.0107168059850321,0.0446631940149679,0.00611328276710258,0.0221647917210908,0.0332152082789092,0.00199002972135484,0.99255437849526,0.997158690072879
MYH6_MOUSE,mFNWMVTR,2,0.290803892307033,0.564407695104069,12,0.01063,0.00506836542404976,378770000,550.75446,0.0304814405347321,5,5,0,0| 1| 2| 3| 6| 13| 16| 21| 24| 31,0.0314843996484023,0.0446766267340395|-0.00987188331490199|-0.0154125850422378|-0.0187874878104235|0.00261182639850643|,0.52029740918179| 0.514239302431| 0.495845478524997| 0.490235818690163| 0.470580058022287| 0.471403088962464| 0.473188897426166| 0.459322932272509| 0.448758227221848| 0.451663552686052| 0.4422809612362| 0.439073116426921,0.52029740918179,0.356954257440934,0.01713630188392,0,0.0236430777704851,0.0059123877862947,0.00407970392268283,0.0171802960773172,0.00297607462332875,0.916285723588036,0.916317091405363
MYH6_MOUSE,TEcFVPDDK,2,0.949203522638804,0.975576303599686,4,0.05611,0.00641097429329743,58316750,555.74225,0.0124991390585466,1,0,2,2| 9| 31,NaN,0.0118327899608628|-0.0256802861204285|,0.539279184901351| NaN| 0.510468372153138| NaN| NaN| NaN| 0.439170835526276| NaN| NaN| NaN| NaN| 0.308009560061904,0.539279184901351,0.292347998510234,0.00805811595774289,0.0188468781632926,0.0933731218367074,0.0117089553964129,0.032086700851058,0.080133299148942,0.00754868954464657,0.999246817149802,0.998628125354221
MYH6_MOUSE,LEDEcSELK,2,0.78899455325675,0.882116316270793,10,0.17586,0.0244320099606187,127605871,561.75281,0.0315966261541371,1,0,2,1| 21| 24,NaN,,0.490013992378644| 0.475850133359012| 0.391220357164842| 0.373819558794086| 0.348311032172515| 0.31427256572284| 0.311416352281199| 0.242929516085229| NaN| 0.251792802618207| 0.216529009245805| NaN,0.490013992378644,0.200246818989503,0.0278044999014011,0.100039494446176,0.251680505553824,0.0335169044881559,0.109139229595232,0.242580770404768,0.029494312556981,0.971321726573092,0.977691351907553
MYH6_MOUSE,KGSSFQTVSAL,2,0.057074926718514,0.953984024539594,9,0.0389,0.0078179493750143,74818258.8888889,562.80096,0.0438332632625955,4,2,2,1| 2| 3| 6| 9| 13| 24| 31,NaN,-0.0790801580157704|-0.045168324767121|,0.521145736694732| 0.526856537945884| 0.494713740747785| 0.480351107308842| 0.436067056576809| NaN| 0.436883808676722| 0.405366839289927| NaN| NaN| 0.346059963170304| 0.324798174808322,0.521145736694732,0.203170872904903,0.0126990368384703,0.0166594378685365,0.0611405621314635,0.00964463237198738,0.0324566349207509,0.0453433650792491,0.00279416891805738,0.750416354582669,0.987993187356874
MYH6_MOUSE,IFYQILSNK,2,0.323681659009094,0.525611149488966,11,0.02412,0.00797253401494991,12357016.9090909,563.31879,0.0512227895676135,2,4,2,0| 1| 2| 7| 9| 13| 21| 31,NaN,0.00771972430758549|0.0819622885214815|,0.533270887123497| 0.477485481021949| 0.506034234751197| NaN| 0.469616434820646| 0.448482789920452| 0.457805075234875| 0.425157035999442| 0.416600074836631| 0.510858383643735| 0.394525648286407| 0.37229966950701,0.533270887123497,0.303032514268548,0.0317362586497828,0.00466060851905906,0.0435793914809409,0.00873347344093059,0.0120634859674845,0.0361765140325155,0.00541102455317321,0.732068716944369,0.731364451750681
MYH6_MOUSE,LDEAEQIALK,2,0.993878763219968,0.995964786289007,12,0.0685,0.00174345042844899,10710011833.3333,565.30859,0.00858915284359075,1,6,0,3| 6| 7| 13| 16| 24| 31,0.0702591834213944,0.00392948690193259|-0.0017481805349596|0.00289086246807877|-0.0126804850191136|-0.00560363685048645|,0.534606538506906| 0.512311103303176| 0.484339161653178| 0.47592612445256| 0.403874822295475| 0.399973918291479| 0.3679569936411| 0.315690753417135| 0.278495979883592| 0.258744731071065| 0.238325711737192| 0.225471587552807,0.534606538506906,0.172630279914681,0.00674663831929333,0.0646094347252016,0.0723905652747985,0.00176764720984551,0.0654440249527922,0.0715559750472078,0.00138845781628332,0.99825094320883,0.998065048507155
MYH6_MOUSE,LQTENGELAR,2,0.983568978917118,0.99365841274438,12,0.05897,0.00223940610826658,4067659416.66667,565.79364,0.0131933046266829,3,3,1,1| 2| 3| 13| 16| 21| 31,0.0608047264207197,-0.0177861749697442|-0.0177589461022536|0.0175008356781744|-0.0125131231302478|0.0163173711055278|-0.0610695077167445|,0.551738203563474| 0.523458208370932| 0.499103014513507| 0.487074821443559| 0.424573741728432| 0.426824157443174| 0.386163106809618| 0.342649222476847| 0.330716617871537| 0.289984043681603| 0.26508277973457| 0.243127256665926,0.551738203563474,0.178162281342085,0.00796727915906453,0.0540121106058078,0.0639278893941922,0.00225257738538279,0.055975989783378,0.061964010216622,0.00136030459119722,0.995153989895185,0.99802109219638
MYH6_MOUSE,SQNTSLINQK,2,0.876210353323552,0.932724443383838,11,0.04195,0.00394387170836876,57814957.2727273,566.80145,0.0256951323153307,3,2,2,1| 6| 7| 13| 16| 21| 24,NaN,-0.00764382676035805|-0.019054521362928|-0.0171911314876174|0.0707575891881377|,0.569217945077798| 0.553146655456059| 0.524638747424342| 0.522710879798389| 0.484759178397667| 0.457271030365349| 0.428753789899283| 0.423065789636332| 0.363270422996613| 0.36977095702937| 0.343957823519143| NaN,0.569217945077798,0.232613934676161,0.0187346592494321,0.0330432122839816,0.0508567877160184,0.00399741143180354,0.0354559438177295,0.0484440561822705,0.00291456530114622,0.967941049944405,0.985135771511459
MYH6_MOUSE,SILITGESGAGK,2,0.0424439269891516,0.964907250662012,5,0.09956,0.0325336302766032,4434591.2,566.81403,0.0517964864919146,3,0,1,0| 1| 9| 24,NaN,,0.507324167358996| 0.492149088065184| 0.428555408309531| NaN| NaN| NaN| 0.308754242210682| NaN| NaN| NaN| 0.208728420506233| NaN,0.507324167358996,0.180002291624324,0.0138022249591864,0.0250365819274585,0.174083418072541,0.0268413079498585,0.0578700815359824,0.141249918464018,0.0150155745514509,0.851745807253724,0.995135418380211
MYH6_MOUSE,SFQTVSALHR,2,0.21796472943433,0.871991208851115,10,0.01798,0.00432150838579353,56864981.5,573.3067,0.0404611190913194,1,5,1,1| 2| 3| 6| 13| 21| 24,NaN,0.02239778813567|,NaN| 0.517180726769457| 0.486926547014294| 0.51151797568511| 0.478214578550648| 0.475454898141922| 0.446997196286705| 0.470005537295895| 0.425156411516176| 0.423933325128328| 0.405456038910099| NaN,NaN,NaN,0.0116904847977399,0.00669172704039576,0.0292682729596042,0.00499004805968624,0.0147184643235114,0.0212415356764886,0.00144178120358191,0.523945066151518,0.936541680663937
MYH6_MOUSE,TQQMEDLKR,2,-0.343578719072352,0.0972220083373617,12,0.02935,0.0182545225921176,5030634.16666667,574.79004,0.14814305261628,2,3,5,0| 2| 3| 6| 7| 9| 13| 21| 24| 31,0.0343397098157802,,0.406156808862461| 0.500864429812537| 0.28313035574166| 0.522698508956248| 0.46713988637335| 0.463585582027934| 0.443638232373328| 0.425321116577185| 0.415633863876224| 0.406188655252911| 0.230125828773892| 0.333048388226298,0.51089,0.208777910314232,0.0789494249395393,0,0.0718372247802778,0.0193037307003744,0.00698599629546268,0.0517140037045373,0.0101609061812613,0.02366066155039,0.49410957602738
MYH6_MOUSE,TQQMEDLKR,3,-1.19538098002535,-3.7472697712685,3,0.03694,0.0339262593851195,25236800,383.52911,0.0214490567635189,1,0,1,0| 2,NaN,,0.507985325093195| 0.499655597450394| 0.518786941158212| NaN| NaN| NaN| NaN| NaN| NaN| NaN| NaN| NaN,0.507985325093195,0.207590899495494,0.00853231399279242,0,0.640189429867302,0.140204071245715,0,0.529481479739278,0.114473909626448,0.52936789115798,-0.554195420784808
MYH6_MOUSE,NALAHALQSSR,2,0.979504143284675,0.994401802124458,12,0.04998,0.00206020399101025,2080556288.33333,584.31506,0.0151034329057293,3,2,1,6| 9| 13| 16| 21| 31,0.0507440377936168,-0.080476876363056|0.000880493862350902|-0.0037206286591436|-0.0688358784817621|,0.529094189889903| 0.510280879084562| 0.483890409292757| 0.472710709488832| 0.441527668029455| 0.412795491755554| 0.384280572007194| 0.32118064162654| 0.307227200012127| 0.260047236339388| 0.248222437413474| 0.220741535945643,0.529094189889903,0.128791255914238,0.00776536265329931,0.0453022244078249,0.0546577755921751,0.00212530992021976,0.0475749425464583,0.0523850574535417,0.00109271861464691,0.990303243873247,0.997252990435757
MYH6_MOUSE,NALAHALQSSR,3,0.756178510019481,0.935646150143327,12,0.0568,0.00941114778950842,2110429615.83333,389.87915,0.060607996280651,0,9,0,0| 1| 3| 6| 7| 9| 13| 16| 31,NaN,,0.540203094600453| 0.518670133890373| 0.461624642609176| 0.4690643842494| 0.413240492804999| 0.404583028157021| 0.380801524211508| 0.343440062982318| 0.293960233409924| 0.239355479153095| 0.269687601596934| 0.112176623196528,0.540203094600453,0.131495367614655,0.0304196619271008,0.0351651450394248,0.0784348549605752,0.00982962328230164,0.0459412847457446,0.0676587152542554,0.00493357041096959,0.893841393178021,0.97127533708057
MYH6_MOUSE,LMGLNSADLLK,2,0.990461100631356,0.99454387049345,7,0.07304,0.00199923178551708,377173485.714286,587.82861,0.00551631423080515,1,2,1,1| 7| 9| 21,NaN,-0.00584656833152061|0.0300758966856142|-0.00156469064214512|0.0276032807139426|,0.495241638913836| 0.47559580837135| NaN| NaN| NaN| 0.389411978175541| 0.362402817725884| 0.334321417358222| 0.302048800801659| 0.28570204648683| NaN| NaN,0.495241638913836,0.233098220408421,0.00425604926513371,0.0663936943218613,0.0796863056781387,0.00271620151554941,0.0679121187347648,0.0781678812652352,0.00209565426850635,0.995379435113711,0.998877971960444
MYH6_MOUSE,EQDTSAHLER,3,0.861875113194125,0.969683534991935,8,0.07338,0.00709365528144865,109502017.5,395.85468,0.0281289160229476,2,1,2,2| 3| 6| 13| 24,NaN,0.0406370342542944|,0.537867341967684| NaN| 0.484271421872069| 0.456991244183638| 0.436670576012863| 0.368035580080831| 0.329618287357911| 0.286237688644284| NaN| NaN| 0.229921107326329| NaN,0.537867341967684,0.150797181017608,0.014031086870047,0.0518821975762617,0.0948778024237383,0.00909142432022029,0.0626566030131945,0.0841033969868055,0.00453492641897056,0.945808191350176,0.98474597846929
MYH6_MOUSE,EQDTSAHLER,2,0.912927328204312,0.969327797552635,11,0.05752,0.0056064085712853,22789000.9090909,593.27838,0.0293198887105663,0,3,5,1| 2| 3| 6| 7| 13| 24| 31,NaN,0.0345069657648411|,0.489954414038881| 0.508420848106005| 0.474654468652989| 0.460840274410826| 0.369619310418441| 0.363600258933539| 0.359557988454696| 0.301644765946954| NaN| 0.256969174583286| 0.2286440920387| 0.20737146333715,0.489954414038881,0.137364250809331,0.0172610862759351,0.0426036796909589,0.0724363203090411,0.0066945200924199,0.0487385242476363,0.0663014757523637,0.00394117078792312,0.989487402590537,0.989092491024287
MYH6_MOUSE,EFDISQQNSK,2,0.984854620497876,0.993674539389818,12,0.06464,0.00242027239755624,5587241083.33333,598.28308,0.0119317766409873,3,5,0,1| 2| 3| 6| 7| 9| 13| 21,0.0685961897837379,-0.0210348374252739|-0.0177831651829452|-0.0109158736128597|-0.0621420045564097|-0.0102094003529833|-0.0168940982887927|-0.005291765343409|0.0108951692785349|,0.529620074952966| 0.509797202719797| 0.479157125928618| 0.468123551926465| 0.42425291548407| 0.403641260614928| 0.37252480745176| 0.323501871865892| 0.290166294895044| 0.278776419893223| 0.256003654624635| 0.225420049517268,0.529620074952966,0.187913041237635,0.00795933204465483,0.059366134532074,0.069913865467926,0.00239613858681831,0.0611219617663754,0.0681580382336246,0.00159839252873568,0.997002164698434,0.998116156548795
MYH6_MOUSE,AGLLGLLEEMR,2,0.988010647500014,0.994417572137445,11,0.05428,0.00195628373628181,8370491545.45455,601.33411,0.00980416864342568,4,1,0,3| 13| 21| 24| 31,NaN,0.020109504064279|-0.0649587539795276|,0.496390550127136| 0.48332100598014| 0.459422198401771| 0.446157474413389| 0.399851733262187| 0.398310626540855| 0.362934079489305| 0.347198224590552| NaN| 0.28503507771822| 0.260958831335088| 0.228245247153888,0.496390550127136,0.176122964984469,0.00622163586998733,0.049736529426844,0.058823470573156,0.00203913260181703,0.0513967550742679,0.0571632449257321,0.00129401492370623,0.998533313799527,0.997229062746388
MYH6_MOUSE,AGLLGLLEEmR,3,-0.260645373240724,0.00155582927085218,5,0.02512,0.0259513450328793,3454528,406.55679,0.0642113336204794,1,3,0,0| 1| 2| 9,NaN,-0.0395780102173704|,0.518231539740553| 0.570029322791014| 0.50861367743487| 0.473347914349096| NaN| NaN| 0.414875255450234| NaN| NaN| NaN| NaN| NaN,0.518231539740553,0.183872306401071,0.0331690847742924,0,0.18883875602355,0.0589670423237741,0,0.128711033690488,0.0373106723771578,0.812608516353666,0.879512865557996
MYH6_MOUSE,SLQTSLDAETR,2,0.021032568286985,0.701982718315446,7,8.83938,1384.15376121348,1014822.71428571,610.80951,0.0698926195897516,3,1,2,1| 2| 9| 13| 21| 24,NaN,,0.399891982183367| 0.150962969346013| 0.159453292620169| NaN| NaN| NaN| 0.192095480648878| 0.176967474847916| NaN| 0.157617670460036| 0.150616816414348| NaN,0.51463,0.166179637833488,0.034816973660966,7.03707692534919,10.6416830746508,0.736562321975068,7.55471063719548,10.1240493628045,0.525016609107691,0.69708500968154,0.985901595726431
MYH6_MOUSE,TKYETDAIQR,3,0.902860748182276,0.97886503553442,5,0.0594,0.00451022329148117,1576442000,408.87881,0.0102860553677676,4,0,0,2| 3| 6| 9,NaN,-0.0115829546479084|-0.0199315260375972|-0.048070398439181|,0.520449652433894| NaN| 0.471961115353571| 0.472097060735597| 0.426665481847349| NaN| 0.391130186328795| NaN| NaN| NaN| NaN| NaN,0.520449652433894,0.212684513024167,0.00414077884259299,0.0385697361269189,0.080230263873081,0.00750249440719344,0.0510145195755442,0.0677854804244558,0.00302022194099091,0.993939157414004,0.992038729597581
MYH6_MOUSE,TKYETDAIQR,2,0.987521463534815,0.995397564880941,11,0.0624,0.00225764237389794,2207306909.09091,612.81458,0.00945039094375957,6,0,0,1| 2| 6| 13| 24| 31,NaN,-0.00965926932976933|-0.0226933224646978|-0.0594513687445564|-0.0801384556220138|-0.0559086127099703|-0.0484064723375556|,0.51579808720656| 0.49539975821657| 0.476574451014334| 0.46296059603886| 0.426884373656088| 0.402096766071432| 0.375070944502659| 0.359069072329278| NaN| 0.292763872885811| 0.282982391079028| 0.257850565690756,0.51579808720656,0.210783626203417,0.0055568461491749,0.0572259397974491,0.0675740602025509,0.00232214442085775,0.059357643690801,0.065442356309199,0.00136542491836195,0.997963561502282,0.997954523166976
MYH6_MOUSE,AIPEGQFIDSR,2,0.917203549296644,0.980923040406014,12,0.05657,0.00465117661980582,363298225,616.81714,0.0246971373468291,1,5,5,1| 2| 3| 6| 7| 9| 13| 16| 21| 24| 31,0.0516232702864837,-0.013001779992025|0.0328532251369573|,0.45863962678906| 0.467401487776544| 0.422016689317395| 0.408009540997201| 0.372563159996857| 0.361942086378777| 0.339768848804641| 0.302464261694517| 0.263443975268153| 0.24579636028893| 0.232377882383604| 0.205955114547079,0.45863962678906,0.134785914538823,0.0118878327121776,0.044953767624733,0.068186232375267,0.00527774225510754,0.0509785897371954,0.0621614102628046,0.00254041252415695,0.987209427126935,0.995708813641249
MYH6_MOUSE,TLEDQANEYR,2,0.990221790803167,0.992689764930858,12,0.05968,0.00183846443601605,6268420500,619.78601,0.00990894445469193,1,5,0,3| 7| 13| 16| 24| 31,0.0587553432011723,0.00650022209333238|0.00969420061730298|-0.00327809691932383|-0.00419445458379709|-0.000149090439519972|,0.510529689605971| 0.489618013411234| 0.469388710890888| 0.464106472190044| 0.398235034359148| 0.398666996991828| 0.377950184283022| 0.320994948180369| 0.316640440055925| 0.264475207238161| 0.241891339194777| 0.209456196668857,0.510529689605971,0.164855602902985,0.00829700279959349,0.0555302015170975,0.0638297984829025,0.00188542774419939,0.0562052717090277,0.0631547282909723,0.00157871500275151,0.99608233486188,0.996505716485193
MYH6_MOUSE,DIDDLELTLAK,2,0.980093200988383,0.982858157371122,11,0.0974,0.00509564175020918,5781427636.36364,623.33228,0.0116906178807534,1,2,0,3| 6| 31,NaN,0.00549932706972047|0.000682312781391998|,0.481561863300145| 0.456802720834073| 0.431528869001139| 0.424294563643934| 0.369831898008179| 0.369363569662357| 0.345996230516674| 0.30366449926641| NaN| 0.264244052067788| 0.242553339239935| 0.237084422538198,0.481561863300145,0.216231521798252,0.0103454365908717,0.0840973753205145,0.110702624679485,0.00597028532196098,0.0856280422200479,0.109171957779952,0.00528331426600173,0.992098355376836,0.996656037839191
MYH6_MOUSE,KLEDEcSELK,2,0.905615101530814,0.982522435850574,10,0.05215,0.00437046928296251,205126470,625.80029,0.0196987811795616,6,0,3,1| 2| 3| 6| 7| 9| 13| 21| 24,NaN,-0.00641106253867039|-0.0145359409030099|0.0267505178874426|,0.492148235717909| 0.469100891987762| 0.459223546461174| 0.451430011178782| 0.409972322617925| 0.410441481742421| 0.373325921218087| 0.33921647053724| NaN| 0.310402229723975| 0.291512220774145| NaN,0.492148235717909,0.191866074322289,0.0079894374489201,0.0406076534185038,0.0636923465814962,0.00510236281221541,0.0474686516878364,0.0568313483121636,0.00206941780602075,0.955080093275115,0.995097274159411
MYH6_MOUSE,LEDEcSELKK,3,0.975557277902073,0.9957643524713,10,0.06123,0.00292679080088233,237163510,417.53595,0.0119176989238894,4,0,1,1| 2| 6| 9| 24,NaN,-0.00203453513020019|-0.00535937196210037|,0.506246716687289| 0.484616619058465| 0.467140589277625| 0.456681726006178| 0.410097987728241| 0.394151917120443| 0.37420249586109| 0.322975154558309| NaN| 0.276780096875086| 0.269247152146451| NaN,0.506246716687289,0.197362426846152,0.00479135492460774,0.0538361967017043,0.0686238032982957,0.00326847463153973,0.0582574181223141,0.0642025818776859,0.00131404746182936,0.99537518632997,0.998715156045945
MYH6_MOUSE,KLEDEcSELK,3,0.992290781520065,0.997995625500086,10,0.04605,0.00124455286461208,788061630,417.53595,0.00599678405288653,3,1,0,3| 7| 13| 21,NaN,0.022199290035439|0.00961377006267022|-0.0169989999514398|-0.00199133380262711|,0.487005545553876| 0.478131330716181| 0.46486232819602| 0.453571117976697| 0.413392126339989| 0.408787057656306| 0.38727441353784| 0.350304103735292| NaN| 0.299950800813656| NaN| 0.257508050174824,0.487005545553876,0.189861174778579,0.0030019822842304,0.0427085563756051,0.0493914436243949,0.00147710498622167,0.0443772776748798,0.0477227223251202,0.000739436831721736,0.997505997223955,0.99958044942297
MYH6_MOUSE,LEDEcSELKK,2,0.541554565956321,0.795439524017232,8,0.26389,0.0474591301883261,47879105,625.80029,0.0391665852340816,3,1,3,0| 1| 2| 3| 6| 9| 13,NaN,0.074942395732664|,0.463138413738991| 0.404834357588289| 0.364293214842107| 0.317972827338297| 0.230809848793508| 0.333874163767578| 0.254349136079038| 0.184474221857794| NaN| NaN| NaN| NaN,0.463138413738991,0.18055647234482,0.0321066242395315,0.116955588902394,0.410824411097606,0.0621385875727909,0.143441206806189,0.384338793193811,0.0509378152333479,0.895188808699533,0.919000194447442
MYH6_MOUSE,ELTYQTEEDK,2,0.949917801268259,0.988948422048178,7,0.07874,0.00436181036570735,32763221.4285714,628.28802,0.0121164058632378,0,5,0,2| 6| 9| 13| 21,NaN,0.0121491718500567|,0.493016527551436| NaN| 0.459495707735032| NaN| 0.37325356718491| 0.375575911518018| 0.349522299825472| 0.31597161519568| NaN| 0.26603891123357| NaN| NaN,0.493016527551436,0.201473820925381,0.00584279563128349,0.063505511689653,0.093974488310347,0.00622600618164361,0.0713935968876212,0.0860864031123788,0.00300231620903547,0.982962804354503,0.996483534531646
MYH6_MOUSE,HSQNTSLINQK,2,0.924951056802038,0.970302407090382,11,0.04393,0.00307209171705911,11640308.1818182,635.33093,0.0191798292909183,5,2,0,3| 6| 7| 9| 13| 16| 21,NaN,-0.0129468441867318|-0.0263715249575551|-0.0171112263667358|0.0240971016669605|,0.515782872502908| 0.500095460283263| 0.491172851415414| 0.466556281796123| 0.417204006112143| 0.421043518761906| 0.374544825979095| 0.36741248430872| 0.347933374845866| 0.31982512746971| 0.299467048995448| NaN,0.515782872502908,0.183003501517408,0.0118279197215716,0.0367704112255246,0.0510895887744754,0.00321325969885068,0.0395147864973408,0.0483452135026592,0.00198157017907158,0.975033906106868,0.988639847251556
MYH6_MOUSE,KAPGVMDNPLVM,2,0.715724995073907,0.945691720253643,6,0.03598,0.00460800090220478,84749471.6666667,636.32794,0.0225031317054224,2,1,1,2| 9| 16| 24,NaN,-0.0226997534382073|,0.4803827987969| NaN| 0.442077372294567| NaN| NaN| NaN| 0.398850290034432| 0.353447090566253| 0.35537709955159| NaN| 0.328301600816237| NaN,0.4803827987969,0.196310980609757,0.00883416724897345,0.0193957388004571,0.0525642611995429,0.00645155932219694,0.0294694334239656,0.0424905665760344,0.00253272099257314,0.939869433115008,0.981236042508881
MYH6_MOUSE,EQYEEEMEAK,2,0.990024383834252,0.996162016626712,12,0.06559,0.00215097047944196,3760167750,643.26624,0.0107749262189061,1,8,0,1| 3| 6| 7| 9| 13| 16| 24| 31,0.0643040474436747,0.007213862632659|0.0138543455731345|0.0124816960162383|0.00656221454430995|0.00935383883651458|0.00235640776302605|,0.472971549275552| 0.45328048223201| 0.428232802061302| 0.424220462949068| 0.357175960340083| 0.356132356097522| 0.32137907959395| 0.275721537690906| 0.241321958550459| 0.207186407827886| 0.188994469825294| 0.171213486601775,0.472971549275552,0.12068221991054,0.00635640866766851,0.0606659336084143,0.0705140663915857,0.00223721017471722,0.0626851654186985,0.0684948345813015,0.00131978835465404,0.996903235384457,0.998521738222294
MYH6_MOUSE,GSSFQTVSALHR,3,0.908670818200321,0.979374526162597,10,0.05881,0.00522812477942531,8802967100,430.55807,0.0233614353620737,0,4,5,1| 2| 3| 6| 7| 9| 13| 24| 31,NaN,0.0229987259433219|0.00449918885749489|,0.489988187679564| 0.466354244065292| 0.451921964220676| 0.44785474198135| 0.393061996647282| 0.365319882865967| 0.363477712746286| 0.302784507822343| NaN| NaN| 0.263105838276669| 0.219215217704091,0.489988187679564,0.150943157998148,0.0113789625190786,0.045521378904624,0.072098621095376,0.00587431382552352,0.0523373360120669,0.0652826639879331,0.00286127953226946,0.963729916937414,0.994039035836195
MYH6_MOUSE,GSSFQTVSALHR,2,0.988848722565797,0.997694178073862,12,0.04607,0.00136677048597368,1829042566.66667,645.3335,0.00910729848566391,4,5,0,1| 2| 3| 6| 7| 9| 13| 16| 31,0.046662079115153,0.00410050490416808|-0.00259705798808007|0.00423842355762586|-0.0538177295936968|-0.00334190016877051|-4.36696522572125E-05|-0.0134976978617781|0.00239954374892774|,0.491110938146931| 0.475802515135299| 0.460195999885324| 0.447852179534282| 0.419301557947508| 0.396045503576311| 0.369965274685925| 0.338602840044594| 0.311039457902918| 0.279023588832347| 0.257277283353355| 0.23500654800017,0.491110938146931,0.15128902654243,0.0040814759967641,0.0430078082840577,0.0491321917159423,0.00139128230999229,0.0446976652724425,0.0474423347275575,0.000623509305409804,0.996017595480625,0.998921407131031
MYH6_MOUSE,ILEEEcMFPK,2,0.954204648289673,0.986325508965307,11,0.06424,0.00445285874038631,137179940,648.30414,0.0158696131534762,2,1,6,1| 2| 3| 6| 7| 9| 13| 21| 31,NaN,-0.032568492283782|-0.0510135089770453|0.0137862216358059|-0.0220835204466298|-0.00970632000392039|,0.451785641728485| 0.432337823228159| 0.396293716245435| 0.414959488204923| 0.370046743088904| 0.361013940746808| 0.325889910823603| 0.294063103555314| NaN| 0.254084664639586| 0.236884846554018| 0.211614181238521,0.451785641728485,0.184624600579474,0.00879977222253621,0.0536969324221442,0.0747830675778558,0.00473178212007932,0.0583938213745547,0.0700861786254453,0.00262379457272698,0.988904780324286,0.994063436156203
MYH6_MOUSE,LHEPAVLYNLK,2,0.987523069637134,0.999043777105752,6,0.05072,0.00224616015664505,93676615,648.86914,0.00594423538900109,2,0,1,6| 9| 31,NaN,-0.0160667578828813|-0.038397176796671|-0.0235884432332434|,0.468448621493525| 0.455377307217928| 0.443293403660717| NaN| 0.393692949041176| NaN| 0.367277318832537| NaN| NaN| NaN| NaN| 0.256448681069014,0.468448621493525,0.20066609382781,0.00157938478986551,0.0423109689930164,0.0591290310069836,0.00327125590528223,0.0484857184144302,0.0529542815855698,0.000869173490356802,0.997128144292252,0.999638484902787
MYH6_MOUSE,LHEPAVLYNLK,3,0.980815025303409,0.989385389734055,11,0.05494,0.0025256411643148,324612254.545455,432.91519,0.010284912009617,0,4,2,6| 7| 9| 21| 24| 31,NaN,-0.00682820605957775|-0.00179622373781674|0.00380476471258896|-0.00833007064281564|,0.460295636186591| 0.448292605641591| 0.434391320002868| 0.435830767714698| 0.384368568143091| 0.388581781133755| 0.354770124133849| 0.326121647308829| NaN| 0.280424152752654| 0.25182222279922| 0.240812539224044,0.460295636186591,0.197173655939185,0.00751083427299008,0.0489272671663802,0.0609527328336198,0.00269854494480268,0.0505490397468781,0.0593309602531219,0.00197068519785838,0.992711855244543,0.996203435412659
MYH6_MOUSE,NYHIFYQILS,2,0.859630967327339,0.971851468962014,12,0.04308,0.00510480439921235,56651212.5,649.3324,0.0253309536282012,2,2,4,2| 3| 6| 13| 16| 21| 24| 31,0.0436986671201558,-0.0401553904332096|-0.0012352900276671|,0.473443963993554| 0.448610673166929| 0.461786618522945| 0.44694087394342| 0.414011526719927| 0.417308483008729| 0.412530228828827| 0.352014922889992| 0.36510324068632| 0.321639414365072| 0.317240416786527| 0.29374630050324,0.473443963993554,0.233585175582612,0.00989661972705877,0.0326664832014926,0.0534935167985074,0.00473129805398641,0.0390115145695332,0.0471484854304668,0.0018484838092928,0.942931411982352,0.985988010630485
MYH6_MOUSE,LQDLVDKLQLK,2,0.866888350114143,0.939590685707639,9,0.06092,0.0100000765858048,89695480,656.89539,0.0319860192027137,5,1,2,1| 2| 3| 7| 9| 16| 21| 24,NaN,-0.00248068956587804|,0.499562063976442| 0.493748809165628| 0.472032591292783| 0.457283216406381| NaN| 0.401000450902711| 0.39996055648359| NaN| 0.302671654536074| 0.292575496810485| 0.264801417197052| NaN,0.499562063976442,0.246471179913359,0.0182876256641857,0.0374741092516445,0.0843658907483555,0.0101673238097597,0.0475150911036487,0.0743249088963513,0.00581304633943548,0.986747424057747,0.99364871114291
MYH6_MOUSE,EDQVMQQNPPK,3,0.98728819808586,0.995168359973917,8,0.05844,0.00216761862181824,166396025,438.54333,0.00852470725556682,2,3,0,1| 3| 6| 9| 31,NaN,0.0241475997950699|0.0126153234891135|-0.00761411159917581|-0.0801450654659475|,0.47474687477734| 0.455209957333848| NaN| 0.424769501504108| 0.367942101561783| 0.368420201986837| 0.347870617088204| 0.288299956436537| NaN| NaN| NaN| 0.19151863875096,0.47474687477734,0.139519544221028,0.00491701851458828,0.0519185075797452,0.0649614924202548,0.00275794025942707,0.0546784281346201,0.0622015718653799,0.00159076938493997,0.9970295091082,0.99768000227755
MYH6_MOUSE,EDQVMQQNPPK,2,0.990396371989325,0.993688587270917,12,0.06073,0.00185376725170575,2581941833.33333,657.31134,0.00956077263082856,1,6,0,1| 3| 7| 13| 16| 24| 31,0.0654696281385349,-0.00743131178081825|0.0206712455038985|0.0182866271165829|-0.0039348439296774|-0.0129732912788377|,0.47632663705117| 0.457209775082457| 0.432975398405131| 0.417057811031701| 0.360311084397057| 0.358411676285686| 0.325687201991497| 0.283417976627641| 0.252162547830236| 0.233175086912204| 0.210846459228481| 0.185835789713967,0.47632663705117,0.139983807861574,0.00760666598028951,0.0566227517119849,0.0648372482880151,0.0018660954035346,0.0574622237405473,0.0639977762594527,0.00148468800275309,0.997723528253954,0.998849858212428
MYH6_MOUSE,MADFGAAAQYLR,2,0.860270383072709,0.990857182234758,7,0.07842,0.0102982581511997,68163225.7142857,657.31897,0.0295346618720432,1,3,0,1| 2| 6| 7,NaN,-0.02111904371184|,0.482798314606904| 0.46193688298647| 0.421427678528595| NaN| 0.346276803625254| 0.351379107171554| NaN| 0.237316595203199| NaN| NaN| NaN| 0.153807923558258,0.482798314606904,0.123189592407985,0.00811667080658574,0.0456653846101935,0.111174615389806,0.0133861035395451,0.0694184264703216,0.0874215735296784,0.00367874859323193,0.972044122975054,0.995527031516884
MYH6_MOUSE,MFVLEQEEYK,2,0.959876382678939,0.984028561996196,11,0.06918,0.00497626680097966,623426690.909091,658.31555,0.0169099557157677,6,0,2,1| 2| 3| 6| 13| 21| 24| 31,NaN,-0.0355460197855518|0.004769143493084|-0.0655558177443205|-0.0471015231582869|,0.46372764934508| 0.451461089524489| 0.42545369881991| 0.41182324623544| 0.381783671518145| 0.359393201369696| 0.327963661835402| 0.301883515992159| NaN| 0.245597959991973| 0.214163975430294| 0.203628368265795,0.46372764934508,0.189504765380408,0.0107642123846141,0.0583554111987982,0.0800045888012018,0.00485813027076835,0.0622894927277897,0.0760705072722103,0.00309249455797876,0.994740964851587,0.996616396815086
MYH6_MOUSE,KEFDISQQNSK,2,0.947848917484982,0.978713149875969,11,0.04881,0.00296456364428603,21887336.3636364,662.33057,0.0165179110357215,2,4,0,2| 6| 9| 13| 21| 24,NaN,0.051346331350204|0.010707877118153|0.0323945089914129|0.0362872465013667|,0.484166940322259| 0.444649354190425| 0.443698233494818| 0.454298999803732| 0.413597196444218| 0.390458553818785| 0.356916766938074| 0.335454239997445| 0.305467500660151| 0.2814282297481| 0.259140922600766| NaN,0.484166940322259,0.163882555533927,0.0101635060109497,0.0417437985685863,0.0558762014314137,0.00317134698636185,0.0444621511365788,0.0531578488634212,0.00195133658784038,0.974279529632842,0.990208300234753
MYH6_MOUSE,KEFDISQQNSK,3,0.921504968527378,0.987926422470156,11,0.06243,0.00468544433415369,56907110,441.8895,0.0212849848882757,4,3,0,1| 2| 3| 6| 9| 13| 16,NaN,-0.0537847305770932|0.0508970078495036|,0.482153219259586| 0.458932171315267| 0.453732483686545| 0.422153455385039| 0.39168351710768| 0.366900353745463| 0.340699983079453| 0.330079180170421| 0.282755658701026| 0.250177777043789| 0.229831886710288| NaN,0.482153219259586,0.163200944035084,0.00865364460258391,0.0512504463486819,0.0736095536513181,0.00501744029307767,0.0578848295607522,0.0669751704392478,0.00203989551032733,0.968062409003175,0.994424017753049
MYH6_MOUSE,EDQVmQQNPPK,2,0.751971306085889,0.891851164113397,8,0.04581,0.00629413812822346,15885926.375,665.30878,0.0319901547292055,2,0,2,1| 7| 16| 21,NaN,-0.0659112210775992|,0.496900850123258| 0.437434182743566| 0.462040393726617| NaN| 0.398038483776395| 0.411777406272798| 0.329795765277171| NaN| 0.302019492433892| 0.269502105281488| NaN| NaN,0.496900850123258,0.146030198018161,0.0201992101038698,0.0273899790136682,0.0642300209863318,0.00778983002416972,0.0341792380618301,0.0574407619381698,0.00491865121202386,0.940975250727871,0.966269940477054
MYH6_MOUSE,ELENELEAEQK,2,0.706957545623301,0.867958492601221,11,0.10316,0.021314282948973,2035066736.36364,666.31989,0.0669171709126629,2,1,6,1| 2| 3| 6| 7| 9| 13| 24| 31,NaN,-0.0117109758375861|0.0371202142647105|,0.490051820439723| 0.45439237528661| 0.295771607752648| 0.393842565770328| 0.325544955788652| 0.310559910208484| 0.201260933980195| 0.166694222068374| 0.181406559682492| NaN| 0.146072231567204| 0.0980311892036921,0.490051820439723,0.113799539723495,0.0433183260922234,0.0524416086006507,0.153878391399349,0.0227626709029814,0.0703278317008127,0.135992168299187,0.0147352433980248,0.864050277023924,0.947762260380401
MYH6_MOUSE,LTGAIMHYGNMK,2,0.934702860256177,0.960682208032103,8,0.05297,0.00346128097963269,974556950,668.33099,0.0109211095268405,2,2,2,1| 2| 7| 9| 13| 16,NaN,-0.0089031267877785|-0.0243011917806669|-0.0112693678142725|-0.0141497346369109|,0.442612199405029| 0.425851678995118| 0.417993692777293| NaN| 0.357251637528266| 0.361241528868313| 0.337809525595579| 0.30579530932221| 0.29683545438655| NaN| NaN| NaN,0.442612199405029,0.198742294059464,0.00837736976354305,0.0429110147817625,0.0630289852182375,0.00425394656845666,0.0452539489511495,0.0606860510488505,0.00326311930767957,0.997448794650175,0.994703028626537
MYH6_MOUSE,TDAAMMAEELKK,2,0.816167259688347,0.926208426385769,9,0.04191,0.00688461383016911,46266464.4444444,669.32556,0.0316290666983168,5,1,3,0| 1| 2| 3| 6| 7| 9| 13| 21,NaN,0.0226518959689794|-0.0024100737267189|,0.473245391190298| 0.437272412481271| 0.39411563487466| 0.40675336442709| 0.365466718248495| 0.374782881839636| 0.33953855920402| 0.300058108074879| NaN| 0.228941646698143| NaN| NaN,0.473245391190298,0.145785461059007,0.0162359156038267,0.0224660141562396,0.0613539858437604,0.00843189548001122,0.0319289621093658,0.0518910378906342,0.00432828273750598,0.992556254385639,0.981085467950029
MYH6_MOUSE,DALLVIQWNIR,2,0.97701162241837,0.985662140278148,12,0.06064,0.00269457974950212,280412040.833333,670.88788,0.0111745691115698,5,3,0,1| 2| 3| 6| 7| 13| 16| 21,0.0592296727004162,-0.00769731011247887|-0.00570969827505503|0.0048883964735778|-0.0709447536823051|0.0178676650775598|0.00350762896227676|,0.456693039019216| 0.423297867877245| 0.414063495319154| 0.412552280722164| 0.386934413940418| 0.362292687072775| 0.343746721418603| 0.324780791740097| 0.284235437841019| 0.268352710465082| 0.249616489901036| 0.226235843733338,0.456693039019216,0.186630034530893,0.00868728308756461,0.0547242864926556,0.0665557135073444,0.0026877571090346,0.0560410327029056,0.0652389672970944,0.0020895040017805,0.991850800580781,0.993742645213037
MYH6_MOUSE,EMANMKEEFGR,3,0.986475776233503,0.991396634172325,10,0.04869,0.00172845456560199,589105270,447.86902,0.00855172989762166,3,1,2,2| 3| 7| 13| 21| 31,NaN,-0.000105260875372457|0.0394688083687476|0.0152808318963127|-0.0470106606964312|-0.0421665443086308|-0.00541348686359861|,0.451199482870246| 0.427375846263739| 0.404230717521701| 0.402310190440069| 0.366918009977683| 0.357757699206719| 0.335941663829648| 0.300679954866306| NaN| 0.250459085021478| NaN| 0.194967255376155,0.451199482870246,0.132599390427466,0.0064938562112779,0.0443330305400712,0.0530469694599288,0.00192602420914458,0.0453814842343681,0.0519985157656319,0.00146254903082283,0.99526278620159,0.997639666752387
MYH6_MOUSE,EMANMKEEFGR,2,0.943018891226712,0.988728135140785,11,0.04957,0.00346915996408567,114358006.363636,671.29993,0.0194029610551489,5,0,2,3| 6| 7| 9| 13| 16| 31,NaN,-0.0465149350432497|-0.0741442902193697|,0.467690144933892| 0.448973431818419| 0.429755015907574| 0.420542859917131| 0.372086047680012| 0.35690223844605| 0.341447584061295| 0.319092756360762| 0.296368804024549| 0.240358149764306| NaN| 0.213212518713514,0.467690144933892,0.137445698591374,0.00810106862926448,0.0416596540543981,0.0574803459456019,0.00355020331916086,0.0462672950569553,0.0528727049430447,0.00148227070366317,0.992377657712,0.995368362884878
MYH6_MOUSE,LQQFFNHHMF,2,-5.03110468678487,-2.16343541733667,2,0.05035,0.0351462006248021,153234100,674.81641,0.00869308033709602,1,0,0,1,NaN,,0.455031817498065| 0.449374444774933| NaN| NaN| NaN| NaN| NaN| NaN| NaN| NaN| NaN| NaN,0.455031817498065,0.19491883035879,0.0020539442794417,0,8.85345498724548,0.692819387858407,0,7.1675772165072,0.560137929802496,-1,1
MYH6_MOUSE,LTGAImHYGNMK,2,0.56526798674375,0.923112964588391,12,0.08618,0.0252479060244452,31841737.5,676.32849,0.0671983661174492,9,0,1,2| 3| 6| 7| 9| 13| 16| 21| 24| 31,0.0723799330467101,,0.453409269217332| 0.42667452440394| 0.426543453355616| 0.384033358470616| 0.345624572807898| 0.342429624390185| 0.338792147489315| 0.299298519717965| 0.288275843712673| 0.294305654815408| 0.257833904703878| 0.209283957729334,0.453409269217332,0.203590408111679,0.0196208342967515,0.0383426521358115,0.134017347864189,0.021734516324989,0.0722122693858538,0.100147730614146,0.00634612666902199,0.778772372346887,0.976367634020437
MYH6_MOUSE,VQHELDEAEER,3,0.995899137278279,0.997965003437432,12,0.06771,0.00137384536508417,720846816.666667,452.21262,0.00723013736681284,0,6,0,2| 6| 9| 16| 24| 31,0.0677472206036145,-0.000411170705938786|-0.0315364375561815|-0.0362826815691844|-0.0302678977271111|,0.484552569580779| 0.462570840738843| 0.427041221212636| 0.415712225678842| 0.358688012947467| 0.351249212992368| 0.314938025469868| 0.255328791003661| 0.2266093632415| 0.195778275391571| 0.178162395085906| 0.147191637193013,0.484552569580779,0.102406995667664,0.00502328062927341,0.0646019116431343,0.0708180883568658,0.00141213508164356,0.0655505942729693,0.0698694057270307,0.000981108717809113,0.998522044622001,0.998992551710973
MYH6_MOUSE,VQHELDEAEER,2,0.993354105809163,0.997330655022657,11,0.06728,0.00176079596764093,277681781.818182,677.81531,0.00874481976278442,0,4,0,6| 9| 13| 31,NaN,-0.0161342991883506|-0.0196518601957322|,0.488795266465085| 0.457929021459003| 0.429608878481312| 0.41821148624119| 0.35512321744041| 0.347692166389065| 0.308683974004793| 0.259296098122313| 0.229407504813265| NaN| 0.176658305377578| 0.142240429693016,0.488795266465085,0.10330366172358,0.00547072147052786,0.0630759548067537,0.0714840451932463,0.00188679677242985,0.0646499674863923,0.0699100325136077,0.00118037191085205,0.998688212962843,0.999405702051652
MYH6_MOUSE,LSYTQQMEDLK,2,0.885143813563004,0.931796171586296,11,0.04658,0.0058354284083813,1225507272.72727,678.32922,0.0296069446703223,5,1,2,0| 1| 3| 6| 7| 16| 24| 31,NaN,,0.481740643962103| 0.470913137951574| NaN| 0.4244419038022| 0.399353367263735| 0.362181538100274| 0.36596707977079| 0.333031373075697| 0.318319753365938| 0.270401347506338| 0.280972406593547| 0.236912032186192,0.481740643962103,0.196865871243986,0.0191808228012297,0.0323368640478972,0.0608231359521028,0.00639239154395381,0.0373526018380763,0.0558073981619237,0.00414130302352886,0.9958347072927,0.989771206601701
MYH6_MOUSE,EMANmKEEFGR,2,-0.20295417326899,0.792486627638384,6,0.04285,0.0130116110146774,3102795.83333333,679.29736,0.0514471195909068,2,2,0,0| 2| 13| 21,NaN,0.048281039355166|,0.451241223776329| NaN| 0.417457192587113| 0.381769279600054| NaN| 0.392333831561353| NaN| 0.300049819221262| NaN| 0.298401783021017| NaN| NaN,0.451241223776329,0.132611657326948,0.0183320075602259,0,0.108814316865886,0.0256612397916276,0.0243863699545961,0.0613136300454039,0.0071826657279315,0.705408616856122,0.9415763477691
MYH6_MOUSE,EMANmKEEFGR,3,0.964517149344332,0.97857405477178,10,0.04449,0.00253200576415897,24154158,453.20068,0.0158456216005463,5,1,0,9| 13| 16| 21| 24| 31,NaN,-0.0159602105242281|,0.45636635109112| 0.467696937005228| NaN| 0.420421577628042| 0.369031279600341| NaN| 0.343229387164691| 0.309824687136766| 0.297906772116413| 0.276010191858751| 0.227530837977271| 0.201880028688034,0.45636635109112,0.134117839810761,0.0116168103059567,0.0381767068733339,0.0508032931266661,0.0027908286971522,0.0398615713711192,0.0491184286288808,0.00204602434593792,0.994217896165384,0.991152506748177
MYH6_MOUSE,PLNETVVGLYQK,2,0.807854254827493,0.965682508764882,8,0.04783,0.00747602902971759,26824461.25,680.8772,0.0224934718341368,4,3,1,0| 1| 2| 3| 6| 7| 9| 21,NaN,-0.0161126756595783|0.0254628053991613|-0.00431005251820108|0.0253144397819015|,0.452379228700407| 0.418896565880728| 0.41634267985414| 0.399986093112937| 0.379316952347552| 0.37951967919565| 0.358828173546292| NaN| NaN| 0.290166099788072| NaN| NaN,0.452379228700407,0.203127898005579,0.00689145604762518,0.0246840654143644,0.0709759345856356,0.00978841969324803,0.0407386451369397,0.0549213548630603,0.00299893518391205,0.970955064896724,0.988512613270874
MYH6_MOUSE,SAETEKEMANMK,3,0.957805538883389,0.989030343586984,11,0.04874,0.00304310572796345,147870490,456.87595,0.0172161583600632,3,1,1,2| 9| 21| 24| 31,NaN,0.0156177972665886|,0.456724340843205| 0.441768659673089| 0.423706210677723| 0.411636761795507| 0.370481852836341| 0.361691886016531| 0.33506501960599| 0.286512004590378| NaN| 0.229980029580249| 0.217987705667608| 0.183062806337176,0.456724340843205,0.128047824672386,0.00916985079829231,0.0416057031013245,0.0558742968986755,0.0032019085769111,0.0449400559739662,0.0525399440260338,0.00170543412217657,0.979988558273849,0.999479560025925
MYH6_MOUSE,SAETEKEMANMK,2,0.97132504015485,0.998247600895471,9,0.05066,0.00231924403418013,56094686.6666667,684.8103,0.0101574826967167,5,1,0,1| 2| 3| 6| 9| 13,NaN,0.00839628553443041|-0.0120328467097328|-0.0102355065263961|,0.447607277263682| 0.435156811031847| 0.415946773402732| 0.402797179257566| 0.359813086285215| 0.348768313873345| 0.335676794174409| 0.291800285975217| NaN| 0.237105425745764| NaN| NaN,0.447607277263682,0.125491752980209,0.00237494196244835,0.0442146745677362,0.0571053254322638,0.00279501902625313,0.0491530051777822,0.0521669948222178,0.000653509158665436,0.991751561867105,0.999140893853686
MYH6_MOUSE,KDIDDLELTLAK,3,0.986212054871353,0.990629888432707,9,0.07679,0.00280622136642911,108179943.333333,458.58893,0.00711268070674273,1,1,0,9| 24,NaN,0.0238347781711701|,0.464095177015472| 0.437657248850075| 0.431135616099902| 0.411997540640052| 0.373247643350241| 0.366679664019546| 0.336073608996072| 0.301365087911518| NaN| NaN| 0.233247359199192| NaN,0.464095177015472,0.208388608054575,0.00582441471313812,0.0692007946928594,0.0843792053071406,0.00329106318222766,0.0705753699787154,0.0830046300212846,0.00269497783054741,0.993988310845163,0.996106630866342
MYH6_MOUSE,KDIDDLELTLAK,2,0.879201567804766,0.985120735561918,11,0.08196,0.0106504576266504,55519962.7272727,687.37976,0.0259115824436797,1,4,4,1| 2| 3| 6| 7| 9| 13| 21| 24,NaN,0.024805745480427|,0.424522715477846| 0.395164021672192| 0.403673080633583| 0.383667110293928| 0.337237771900066| 0.324627942131088| 0.306008512862273| 0.250207678178029| NaN| 0.234844228260963| 0.219137263607072| 0.20478102276051,0.424522715477846,0.190619730924348,0.00888005224420556,0.0497862938112465,0.114133706188754,0.0144397222683448,0.0709338809867423,0.0929861190132577,0.00494857805050796,0.980970100121282,0.993252353289761
MYH6_MOUSE,KLEDEcSELKK,2,0.972819864573272,0.997177426648145,7,0.06326,0.00412921553162254,115511384.285714,689.84772,0.0103416631137892,4,0,2,1| 2| 3| 7| 9| 31,NaN,-0.0280206483036099|-0.028377677048064|-0.0224884117206169|-0.0262572623163158|,0.472967726241389| 0.458705171784688| 0.430097061981535| 0.420533180230667| NaN| 0.370949182077719| 0.34872319035715| NaN| NaN| NaN| NaN| 0.229870559133479,0.472967726241389,0.184388471458605,0.00313753676945294,0.0497760316980855,0.0767439683019145,0.00551060647988997,0.0591691254588457,0.0673508745411543,0.00167185202828614,0.997389828544901,0.998948034734692
MYH6_MOUSE,KLEDEcSELKK,3,0.987525646043893,0.995835137039487,11,0.06142,0.00239040000712727,1743193636.36364,460.23425,0.00926909693940014,2,3,0,1| 3| 7| 24| 31,NaN,0.00703594887254498|0.0240192644732151|0.0209377966207286|,0.456046088266262| 0.443491402242998| 0.425169308878114| 0.413723521561933| 0.362896945185117| 0.36005335862411| 0.333268312628349| 0.294296250234728| NaN| 0.245087439844453| 0.245152168477351| 0.215610460990728,0.456046088266262,0.177791499217804,0.00503802685454462,0.0555267583286389,0.0673132416713611,0.00264491670606593,0.0582168497907888,0.0646231502092112,0.00143759003496366,0.997729743212075,0.998519223982022
MYH6_MOUSE,SILEEEcMFPK,2,0.959131942347353,0.990117996684612,11,0.05126,0.00331785050927984,797585681.818182,691.82013,0.0155782089447048,7,0,2,1| 2| 6| 7| 9| 13| 21| 24| 31,NaN,-0.0707011477130751|-0.0284725246169488|-0.0320717498351185|-0.0229571245129478|-0.0477153624798497|,0.441773027268714| 0.439933374116671| 0.40603822614127| 0.401835376862998| 0.36188529383872| 0.354896697649417| 0.336876504684471| 0.293685425042556| NaN| 0.252554682242536| 0.232080867238654| 0.197344617186335,0.441773027268714,0.156744272010824,0.00764582949970478,0.0435484479981786,0.0589715520018214,0.00346098359047996,0.0474751482244642,0.0550448517755358,0.00169866064372443,0.997112655281053,0.997612175977906
MYH6_MOUSE,ELTYQTEEDKK,3,0.985530421619108,0.991535536066334,9,0.07123,0.00232605725451288,2007728555.55556,461.89279,0.00723055123766176,0,5,1,1| 3| 7| 9| 13| 16,NaN,0.00141498723473773|0.0378402901475818|0.000193714671347206|-0.0099743423861613|-0.0114944953681079|,0.468348373161658| 0.448770725199553| 0.42580304949753| 0.408490968375354| 0.361770029782113| 0.362049005755624| 0.331134753340316| 0.292400177525549| 0.260128371858703| NaN| NaN| NaN,0.468348373161658,0.182587597093946,0.00531939544447267,0.0648531077342223,0.0776068922657777,0.00276534294482547,0.066538627163613,0.075921372836387,0.00203441648909001,0.995826376507409,0.997566654096529
MYH6_MOUSE,ELTYQTEEDKK,2,0.972672939165507,0.988383950653829,10,0.07367,0.00367073554135209,377283420,692.33551,0.0121848742986832,4,1,1,1| 2| 3| 6| 9| 13,NaN,-0.0127690163207406|-0.0317316822900277|-0.0100100710562875|-0.0789222189224891|,0.478309758227712| 0.457046706231208| 0.434724756810582| 0.421856675484551| 0.377633465323705| 0.360230742456402| 0.346612495394819| 0.284138709950989| 0.256629938681944| NaN| 0.228381477024606| NaN,0.478309758227712,0.186471085256103,0.00804562152724348,0.0647340490169543,0.0826059509830457,0.00395019016850227,0.0677696289470664,0.0795703710529336,0.00260829404369335,0.996160206999568,0.996324275071415
MYH6_MOUSE,AITDAAMMAEELK,3,0.980227974458951,0.993969706193953,10,0.05829,0.00263602826450881,135288233,465.22821,0.0114921374288484,3,3,0,1| 2| 3| 7| 9| 31,NaN,-0.00850703725986189|-0.0104155355485318|0.0541817798849849|-0.0228051280199927|,0.430132197534858| 0.397904901072911| 0.382840710302218| 0.380121880057713| 0.335529031628665| 0.315293669597317| 0.291381362856924| 0.255569555243272| NaN| 0.19511348311367| NaN| 0.160266994067994,0.430132197534858,0.10470208705409,0.00600655326147718,0.0515277103839503,0.0650522896160497,0.00298931026015765,0.054755578922997,0.061824421077003,0.00156241181450233,0.991072636574619,0.998213261260784
MYH6_MOUSE,EQLcINFTNEK,2,-1.87243255385544,0.259101161519486,6,0.05609,0.0230395487724121,6402223.83333333,698.33228,0.0618330911867087,4,0,0,0| 1| 2| 13,NaN,,0.278606485503973| 0.434122870580938| 0.437299162826159| NaN| NaN| NaN| 0.346633252437501| 0.323413215889079| NaN| NaN| NaN| 0.206930400824244,0.44807,0.183106183864429,0.0497539992445791,0,0.138677458713121,0.0321279243462396,0,0.140668192437788,0.0329023535815764,0.525879732297006,0.666799963251432
MYH6_MOUSE,SILEEEcmFPK,2,0.400722194455384,0.733486231626272,9,0.01908,0.0067617315224398,30150502.2222222,699.81763,0.0389256534822585,4,2,1,0| 1| 2| 3| 6| 7| 21,NaN,0.0266234563960107|,0.433639127259734| 0.434938008327154| 0.423231176244245| 0.400295209341731| 0.37884487377215| 0.396841570169939| 0.332303182998927| 0.355782297418663| NaN| 0.332895887952145| NaN| NaN,0.433639127259734,0.153858305333776,0.0170022625852789,0,0.0426580873138914,0.0102246509253199,0.0107386865551878,0.0274213134448122,0.00361721530234699,0.888915551277477,0.890392874417631
MYH6_MOUSE,FSTYASADTGDSGK,2,0.836200311440811,0.969379529176931,10,0.04269,0.00572858856251201,12106442.2,703.80713,0.0313338888405253,1,2,2,0| 3| 7| 13| 21,NaN,,0.479233262148171| 0.439851350329261| 0.426169293779777| 0.401044388979618| 0.383955465644132| 0.365483433552026| 0.35343233532358| 0.304780356143615| NaN| 0.270905274219826| 0.232779265340097| NaN,0.479233262148171,0.147630052775283,0.0117540118690595,0.0277262730801393,0.0576537269198607,0.00661480429728584,0.0370767859901919,0.0483032140098081,0.00248135456845195,0.94310507836455,0.989713640107191
MYH6_MOUSE,RKLEDEcSELK,3,0.928028044392247,0.972512427051356,3,0.0743,0.00648022662521371,34713550,469.56964,0.00966498771009371,2,0,0,1| 9,NaN,,0.479305979669425| 0.438869325861236| NaN| NaN| NaN| NaN| 0.328971170643942| NaN| NaN| NaN| NaN| NaN,0.479305979669425,0.162237200207506,0.00526562224907588,0.00923438815780106,0.139365611842199,0.0151222085371492,0.0388513327442508,0.109748667255749,0.00823879347981147,0.987398711001367,0.992008536318571
MYH6_MOUSE,KAPGVMDNPLVMH,2,0.868136246075092,0.970216294275249,10,0.04146,0.00385157577995975,20519215.8,704.85742,0.0174599478668647,3,1,1,2| 9| 13| 16| 24,NaN,-0.0108876834225648|0.0214218839413293|,0.403498840356513| 0.390807885812975| 0.404606403151163| 0.367647358840498| 0.345213829588846| 0.332371379884387| 0.338487917803787| 0.296177313518357| 0.27956402605941| NaN| 0.240497799634812| NaN,0.403498840356513,0.143164313086102,0.00820329043289358,0.0313172381124442,0.0516027618875558,0.00448366809147675,0.0366945778928007,0.0462254221071993,0.00210658312610908,0.946787061422124,0.986519412475067
MYH6_MOUSE,AITDAAmMAEELK,2,-0.8818692428577,-1.30727080950193,3,0.019,0.0288413101819499,10367114.6666667,705.33618,0.0949793348012422,2,1,0,0| 2| 13,NaN,,0.357263180185281| NaN| 0.384370407507064| NaN| NaN| NaN| NaN| 0.31120848150313| NaN| NaN| NaN| NaN,0.42113,0.102510786622793,0.0229366535454532,0,0.334594783839888,0.0733488858298581,0,0.0959876797816594,0.0178930730917134,-0.20642231097312,0.860226375605027
MYH6_MOUSE,NYHIFYQILSN,2,0.883197651279994,0.964141464216528,8,0.04144,0.00530598923448901,87427653.75,706.35388,0.0179409876622641,1,1,3,2| 6| 7| 16| 31,NaN,-0.00933038359571841|0.0418296859443922|,0.449196426509401| 0.446962181504876| 0.424267644954766| 0.417418646844483| 0.397065829596631| 0.388855241224244| NaN| NaN| 0.303546362800763| NaN| NaN| 0.277756404344505,0.449196426509401,0.211425856401749,0.00927223716068466,0.0268730976999764,0.0560069023000236,0.00616034547300849,0.0339115531070547,0.0489684468929453,0.00318378147807479,0.945723165450168,0.9864045234641
MYH6_MOUSE,LAEQELIETSER,2,0.992212421522889,0.99630046731562,12,0.06024,0.00162841881823337,3602300083.33333,709.36206,0.00904261836825276,0,4,0,2| 6| 16| 24,0.0606282937386506,-0.00654995053752495|-0.013650634622445|-0.0264408621791145|,0.461591777190048| 0.440786108110926| 0.418888739474374| 0.415274668807045| 0.352505378454863| 0.343929246529514| 0.309767001990865| 0.267856142939992| 0.225147612222076| 0.206564589122665| 0.182489419474284| 0.161505975352479,0.461591777190048,0.102259031502719,0.00617295237530349,0.0565447963866652,0.0639352036133349,0.00167888620176429,0.0577174655975476,0.0627625344024524,0.00114609332662212,0.996447694700604,0.998263409208535
MYH6_MOUSE,KGSSFQTVSALHR,3,0.944236810219871,0.975473640893242,10,0.05487,0.00370668746573501,205689179,473.25641,0.0193325007242735,3,3,3,1| 2| 6| 7| 9| 13| 16| 21| 24,NaN,-0.0069606964586116|-0.00669318551847453|-0.0319322427478081|-0.017167991500929|-0.0215767994889925|-0.0077892266458746|,0.471100259518498| 0.44166739065727| 0.424409395169447| NaN| 0.378935721996264| 0.358452163016543| 0.339854040593648| 0.298331945923956| 0.239399769826705| 0.242607530324446| 0.22636697047671| NaN,0.471100259518498,0.13844786976482,0.0120221154675006,0.0457367917465417,0.0640032082534583,0.00403738891564487,0.0491904200130229,0.0605495799869771,0.00251069204255331,0.990295363073296,0.991574228885279
MYH6_MOUSE,LAEKDEEMEQAK,2,0.924731671862063,0.971479508820041,9,0.09898,0.00800973076748233,130011406.666667,710.83484,0.0194879117021193,0,0,2,9| 31,NaN,,0.402417490767928| 0.379320813411078| 0.335873288144355| 0.299073483837805| 0.275504656837611| 0.232393788286158| 0.210291627282534| 0.205754597095289| NaN| NaN| NaN| 0.0902261222520549,0.402417490767928,0.089149817867618,0.0134509627820095,0.074614002035385,0.123345997964615,0.0105663288255134,0.0821620804210174,0.115797919578983,0.00729310035610429,0.977480557019215,0.986004033410676
MYH6_MOUSE,LAEKDEEMEQAK,3,0.992572784395455,0.996107710676828,10,0.06505,0.00197055837427746,482453100,474.22565,0.00819292308953774,0,5,1,1| 2| 3| 13| 24| 31,NaN,0.0273941552478257|0.00317379421756453|0.0809662925734725|-0.039771093562795|-0.0478299968750333|,0.443659236194179| 0.423033975256367| 0.405604905617354| 0.367411480274151| 0.332362886985743| 0.328068915393059| 0.292187906854891| 0.248409408937378| NaN| NaN| 0.171538501209649| 0.142080782777636,0.443659236194179,0.0982863344893899,0.00555360464811648,0.0599531767655438,0.0701468232344562,0.00225308096133719,0.0615950986301031,0.0685049013698969,0.00152725965601258,0.998352138940883,0.998066980604231
MYH6_MOUSE,NNLLQAELEELR,2,0.891708344291167,0.960915157973872,12,0.06981,0.00846995313275909,4959824905,721.38586,0.0359330867068327,0,2,9,1| 2| 3| 6| 7| 9| 13| 16| 21| 24| 31,0.0730370485060578,0.0185543372821294|0.0522532644236164|-0.00190359131361617|-0.0245114828876559|,0.4266829234375| 0.409212566336653| 0.375712060834793| 0.362218489748087| 0.296006167593658| 0.295137769872937| 0.267793390951913| 0.231653840092783| 0.22554908309754| 0.217650589760445| 0.164865884227181| 0.100358021615392,0.4266829234375,0.108871331641889,0.0188825588220985,0.0494812040960294,0.0901387959039705,0.00923622579781393,0.0591273751653746,0.0804926248346254,0.00485356513745428,0.953098467497738,0.981558638845933
MYH6_MOUSE,NNLLQAELEELR,3,0.671449179659587,0.871704950924696,10,0.0624,0.0144467507384404,241961371.2,481.25967,0.0635931036932444,1,3,2,1| 2| 3| 13| 16| 31,NaN,0.0215269884754948|-0.00372135925404764|0.0600026452720633|,0.456035338822322| 0.434170156986012| 0.415006217739791| 0.388489416103088| 0.358409221826597| 0.344850081060346| NaN| 0.290828115192012| 0.125684731366519| 0.216519418494208| NaN| 0.100358021615392,0.456035338822322,0.116360819442587,0.0392948885442441,0.0257326048710288,0.0990673951289712,0.0162090396442262,0.0397428072995006,0.0850571927004994,0.010015746507695,0.82711029823278,0.953118099205903
MYH6_MOUSE,MFVLEQEEYKK,2,0.976279641100203,0.989782254409867,9,0.07662,0.00399638456974993,84461111.1111111,722.36304,0.00951192081274436,0,2,2,3| 9| 21| 24,NaN,-0.038603555527557|-0.02599736638776|,0.416890267675567| 0.411190271799874| 0.378649056221654| 0.367699340039166| 0.317926653136419| 0.316688299918407| 0.286476805882945| NaN| NaN| 0.232168206045113| 0.208822773430233| NaN,0.416890267675567,0.170364420747413,0.00614013285611978,0.0659186682724477,0.0873213317275523,0.00464063856807449,0.069712078893619,0.0835279211063809,0.00299562390248598,0.988804081846813,0.994991033413565
MYH6_MOUSE,FLHEPAVLYNLK,3,0.65175488890166,0.900772148154618,6,0.03884,0.00689810702207126,17606443.3333333,481.93799,0.0216559846809478,2,2,1,2| 6| 9| 13| 16,NaN,,0.386696836960285| NaN| 0.376201706306539| NaN| 0.363775034342179| NaN| 0.329780758048433| 0.276630293701859| 0.278941562833961| NaN| NaN| NaN,0.386696836960285,0.165646647696373,0.00986718406126622,0.00935372440997932,0.0683262755900207,0.011470662085623,0.0254050759910298,0.0522749240089701,0.00522641365751449,0.877217118585881,0.95956964743045
MYH6_MOUSE,FDKIEDMAMLTF,2,0.894788234786824,0.994495250453689,5,0.07026,0.00518103146047327,95807668,730.84363,0.00600671352764319,1,2,1,1| 2| 3| 7,NaN,-0.0170408848134419|-0.0403566147584604|-0.00905120355705307|-0.0021240878279722|,0.413064662516216| 0.394785873023014| 0.381412621513079| 0.371596325881198| NaN| 0.326591685488841| NaN| NaN| NaN| NaN| NaN| NaN,0.413064662516216,0.194419511972592,0.00138894532553579,0.0472225361781385,0.0932974638218615,0.00829746778689617,0.0649329975484399,0.0755870024515601,0.00191864137408183,0.974694757665967,0.998724073569972
MYH6_MOUSE,LASADIETYLLEK,2,0.985870099243542,0.995893082612554,11,0.06578,0.00270390878386058,3965013818.18182,733.39282,0.0104636995868562,4,4,1,1| 2| 3| 6| 9| 13| 21| 24| 31,NaN,-0.0124054352132816|-0.0309697513641573|0.036406875662434|-0.0161234365764492|-0.0176032786716096|-0.0114617208995859|,0.438569907403294| 0.417151072062363| 0.406763761821582| 0.38024168435893| 0.336256588656137| 0.338649296730686| 0.30811322663044| 0.257813270735323| NaN| 0.213319737578744| 0.204672360796442| 0.172952326533925,0.438569907403294,0.141619004677041,0.00540595792558141,0.0595012192840856,0.0720587807159144,0.0028179485816693,0.0625361354287329,0.0690238645712671,0.0014558628468359,0.996611997004133,0.998190818166404
MYH6_MOUSE,VQLLHSQNTSLIN,2,0.962411360000855,0.993280441399464,10,0.05274,0.00300100877132966,62306259,733.90173,0.0130908695412945,2,1,0,1| 6| 16,NaN,0.0344701153762719|,0.443942418132936| 0.426915233414149| 0.414263938410393| 0.400972469548451| 0.356975889444185| 0.358741879066573| 0.321377138730506| 0.290807828243075| 0.271246978015577| NaN| 0.23424228167919| NaN,0.443942418132936,0.150267215570546,0.00504656084860715,0.0451217215388114,0.0603582784611886,0.00336770520959626,0.049803135821899,0.055676864178101,0.00129825824073702,0.985322835709602,0.997576947956227
MYH6_MOUSE,DPLNETVVGLYQK,3,0.694793268926908,0.882754941882324,11,0.08557,0.0219174446577423,48238755.4545455,492.59619,0.0539704031654458,3,4,1,3| 6| 7| 9| 13| 21| 24| 31,NaN,-0.0384764814301982|0.0396127523584641|,0.419045484747194| 0.410171581661841| 0.380687337257279| 0.367509441603527| 0.31112324704778| 0.397425845291717| 0.301651336469831| 0.250794393840812| NaN| 0.205279421441095| 0.159499403675572| 0.188582602778606,0.419045484747194,0.171245161643668,0.0296169787736789,0.0311259958686538,0.140014004131346,0.0244347447639733,0.0556931263778193,0.115446873622181,0.0134088921810796,0.842622860288985,0.945347145214986
MYH6_MOUSE,KVQHELDEAEER,2,0.979987831429202,0.994029458264213,8,0.07086,0.00293175563505808,68157420,741.86279,0.0114148845586228,0,2,1,1| 6| 16,NaN,,0.455941411737052| 0.416627841744873| NaN| 0.393292319391594| 0.322921608858402| NaN| 0.285001726342286| 0.228369483602653| 0.208111586269288| NaN| 0.163571596082725| NaN,0.455941411737052,0.0963602158107652,0.00626466004447849,0.0620227914318339,0.0796972085681661,0.00373725701426897,0.0660100072438409,0.0757099927561591,0.00205106276572477,0.993707695066665,0.997832541570606
MYH6_MOUSE,KVQHELDEAEER,3,0.987633588561171,0.997870892144586,12,0.06968,0.00241139109664373,434591125,494.91095,0.0116480900589604,2,6,0,1| 2| 6| 9| 13| 16| 24| 31,0.0700235815341853,-0.0348768513733383|-0.0626366907248759|-0.0391644181533647|-0.0703460310308469|,0.457956349985955| 0.436671367389403| 0.416519640092877| 0.380738374080162| 0.325080210022368| 0.318025534928076| 0.293142099352238| 0.247935579433285| 0.214529185556934| 0.184591443151673| 0.163055686883872| 0.134703018124928,0.457956349985955,0.0967860597449013,0.00487736066554593,0.0643252028935909,0.0750347971064091,0.00243290922934668,0.0674378060740793,0.0719221939259208,0.00101872287370675,0.997601488045062,0.998939394853477
MYH6_MOUSE,LQDAEEAVEAVNAK,3,0.942829781736086,0.989528714123992,9,0.06796,0.00387826684957613,881348022.222222,496.25098,0.0162268230556476,0,5,0,1| 2| 3| 6| 9,NaN,-0.0277840656901479|,0.450842672502639| 0.416756194060222| 0.385662312577017| 0.380513644272136| 0.319523309552451| 0.308603084318452| 0.288857490767753| 0.225527906323674| 0.199309725845706| NaN| NaN| NaN,0.450842672502639,0.0789212929055062,0.00711603798110088,0.0571592566457686,0.0787607433542314,0.00468374847632024,0.0632234906001466,0.0726965093998534,0.00205398998541603,0.990083189525564,0.996593744038818
MYH6_MOUSE,LQDAEEAVEAVNAK,2,0.971421411723262,0.994707105588472,12,0.05874,0.00297778083462408,2047438183.33333,743.8728,0.017521328791528,2,6,2,1| 2| 3| 7| 9| 13| 16| 21| 24| 31,0.0605829223015075,-0.0310416936147282|-0.0114065189712942|0.085663334927751|-0.0629451455266485|-0.0764025487740677|,0.450610405775688| 0.428676973260376| 0.416665583807818| 0.386219340989377| 0.343750487325566| 0.311282166988511| 0.300989053820576| 0.260084204983676| 0.210661480361968| 0.188077358063283| 0.162831141818303| 0.128060298739959,0.450610405775688,0.0788806339539297,0.00765329429566438,0.0520224399283691,0.0654575600716309,0.00305206968110905,0.0558057782415536,0.0616742217584464,0.00133314018350574,0.987918992689631,0.997920735021957
MYH6_MOUSE,ELENELEAEQKR,3,0.964925649691538,0.992179066438959,8,0.08313,0.00352822723081763,780559237.5,496.5827,0.0102344411099313,1,0,2,1| 3| 7,NaN,-0.0349326153640749|,0.418525713756953| 0.388113686775404| 0.35579564603856| 0.343954903093961| 0.285717962136517| 0.269570058743049| 0.250620775369722| 0.206376695769781| NaN| NaN| NaN| NaN,0.418525713756953,0.0843831984806797,0.00493915233270682,0.0719063163547942,0.0943536836452057,0.00474649773233605,0.0777134381514016,0.0885465618485984,0.00229066493177687,0.987814889953668,0.997935278610744
MYH6_MOUSE,ELENELEAEQKR,2,0.986952334920643,0.993364397459041,10,0.07181,0.00264663903994421,103184194.7,744.37042,0.0103641356790873,2,1,1,1| 2| 3| 13,NaN,-0.0361399491227168|0.00627952245142964|,0.434377891260137| 0.396699490852438| 0.389003159526978| 0.374703078367453| 0.314756846368657| 0.312817370901145| NaN| 0.213769510852567| 0.192520426730589| 0.173490766416389| NaN| 0.126952449453808,0.434377891260137,0.087579316178191,0.00764615047888898,0.0648236887608297,0.0787963112391703,0.00308834034826601,0.0666558425592752,0.0769641574407248,0.00227842588750689,0.994672985106734,0.996767187655805
MYH6_MOUSE,SAYLMGLNSADLLK,2,0.97703732928843,0.99675245401111,12,0.05253,0.00240072808695544,8790720750,748.39484,0.011754188209012,8,2,0,1| 2| 6| 7| 9| 13| 16| 21| 24| 31,0.0517921957104032,-0.000428385559342434|-0.0139834791382461|-0.0553472603971795|0.0016856774987381|-0.0672712699053928|-0.00427855425892797|-0.0470484290739265|,0.422096844557305| 0.404072362940334| 0.390218332108237| 0.382965003987548| 0.351653057336259| 0.336270827840001| 0.323854924485062| 0.290119892317077| 0.265898391797411| 0.228650825347859| 0.224937413114329| 0.196760738787936,0.422096844557305,0.142872847788442,0.00416227177060532,0.0473530103149786,0.0577069896850214,0.00235212384981801,0.0506967778633867,0.0543632221366133,0.000832909812823889,0.996746767131642,0.998451996199254
MYH6_MOUSE,RDALLVIQWNIR,3,-2.29524140392087,0.956534622509758,8,0.30586,0.118063935588978,55074157.5,499.62805,0.0543814645137434,2,5,0,0| 1| 6| 9| 13| 16| 31,NaN,,0.364966399440652| 0.36117839178792| 0.290789126860758| NaN| 0.168709284364095| NaN| 0.169486466697825| 0.149716609752197| 0.144628346787353| NaN| NaN| 0.132773482137383,0.40951,0.14529711609602,0.0158442084147478,0,0.656603162436853,0.148329343356895,0.199362197698392,0.412357802301608,0.0450379388000014,0.892229769212085,0.981716623723787
MYH6_MOUSE,IEDEQALALQLQK,3,0.984938047029239,0.991782819532091,9,0.06325,0.00201555136535914,1228554455.55556,500.27521,0.008103519027295,0,6,0,1| 3| 6| 9| 13| 16,NaN,-0.00688475074595819|0.000249172464201245|-0.0372576416195566|-0.0478674954791951|-0.0587433672824175|,0.437094961931904| 0.416700530978313| 0.388729466223963| 0.38976685404991| 0.333003107364602| 0.324740978394537| 0.294530018787867| 0.252869915878941| 0.221238678119459| NaN| NaN| NaN,0.437094961931904,0.0968321137650417,0.00550192873691175,0.0576556397042346,0.0688443602957654,0.00242599751257048,0.0594516783606931,0.0670483216393069,0.00164714433138605,0.995051016258399,0.997247357335411
MYH6_MOUSE,IEDEQALALQLQK,2,0.990813761965322,0.997372766485384,12,0.06839,0.00211507612071206,3849200166.66667,749.90918,0.00985193042618845,0,6,0,1| 2| 6| 16| 24| 31,0.0696671037956213,-0.0102902208732405|-0.0119533295233044|-0.0514627107196707|,0.438919748226802| 0.416541131714284| 0.388009499500592| 0.385372006822033| 0.327675605224569| 0.313046334078074| 0.275739089311253| 0.229907247584724| 0.209965001489668| 0.178049503026615| 0.161975151231478| 0.131934053897158,0.438919748226802,0.0972363689715613,0.00518778284147859,0.0636775686076627,0.0731024313923373,0.00214105550579278,0.0659085502067872,0.0708714497932128,0.00112742686307239,0.997509792217659,0.998892467520982
MYH6_MOUSE,ENQSILITGESGAGK,3,0.643702575361301,0.791742295192319,8,0.04606,0.0112823901347009,188595228.75,501.92648,0.0526780409581332,3,0,1,3| 9| 13| 31,NaN,,0.455436863297218| 0.447997115546882| 0.420959514852263| 0.389256426915292| 0.352881950961432| NaN| 0.440380704229884| 0.301804036005519| NaN| NaN| NaN| 0.192900338709771,0.455436863297218,0.100895498691336,0.031560900269916,0.0121839243633406,0.0799360756366593,0.0143261981781295,0.0257638875163473,0.0663561124836527,0.00858322943911958,0.806928774212393,0.903648269568773
MYH6_MOUSE,ENQSILITGESGAGK,2,0.980622372678737,0.995378786528945,11,0.0548,0.00235421214290537,6561083363.63636,752.38611,0.0129863088554562,4,4,1,1| 2| 3| 6| 7| 9| 13| 24| 31,NaN,-0.0186517626987842|-0.0384206600125323|-0.00164063553235892|-0.0247892854015968|-0.00214380440818604|,0.456788403110836| 0.438971264651648| 0.418288803779371| 0.40120367653349| 0.365623550811305| 0.345008882336063| 0.328425089630789| 0.262008000786525| NaN| 0.215205358940588| 0.187726415688038| 0.158694242424944,0.456788403110836,0.10119491293398,0.00649235447769439,0.0492671396579182,0.0603328603420818,0.00248317574047866,0.0520339106503477,0.0575660893496523,0.00124143490787417,0.996139794828311,0.998117262803742
MYH6_MOUSE,LSYTQQMEDLKR,3,0.980607611922737,0.995503974405923,11,0.05857,0.00246032597365241,9361744000,504.58893,0.0101006935380846,3,4,0,1| 2| 3| 6| 13| 16| 31,NaN,-0.0366466700404017|-0.0509891895129146|0.00103807379380192|-0.000580287616162382|,0.42101198700426| 0.406973675739973| 0.393327286596586| 0.379758492807175| 0.329078392364791| 0.330553601086043| 0.304279097236205| 0.263045385546351| 0.244003328134119| 0.223808038553859| NaN| 0.185763593681216,0.42101198700426,0.142505641328487,0.00487051451499143,0.0528277219051359,0.064312278094864,0.00257716348843955,0.0558010961910982,0.0613389038089018,0.00124269805143806,0.995015985464393,0.998399806666592
MYH6_MOUSE,LSYTQQMEDLKR,2,0.984466587004871,0.99734454111788,12,0.05993,0.00223715403722504,832477791.666667,756.37976,0.00966048303214216,3,6,0,1| 2| 3| 6| 9| 13| 16| 24| 31,0.0612553594320577,0.011263147627409|-0.0286505166717498|0.00454240180456915|-0.00547728142178785|-0.0273723168125432|-0.0114368181910368|-0.00726186980815622|,0.420328263991634| 0.402450172239546| 0.387431187638426| 0.374523575004332| 0.33461171575395| 0.319792849997013| 0.307840060174732| 0.261814758921044| 0.2451537610173| 0.228340230541567| 0.204888017947873| 0.184115513027142,0.420328263991634,0.142274212320732,0.00397707347733684,0.0550203223321614,0.0648396776678386,0.00223067277318597,0.0579087606095816,0.0619512393904183,0.000918333948037393,0.995045193206344,0.998828247496775
MYH6_MOUSE,SAYLmGLNSADLLK,2,0.795138150155266,0.971350188214243,11,0.06306,0.00933284262294376,370769954.545455,756.39233,0.034034167657962,1,4,3,1| 2| 3| 7| 16| 21| 24| 31,NaN,-0.0278628760730911|-0.0124548249316858|-0.0171346914844972|,0.397298966743364| 0.383092245240243| 0.367577268257676| 0.357866049412086| 0.31713274468687| 0.302182482418956| NaN| 0.255463311119712| 0.269515540991347| 0.217098986619788| 0.192834569391567| 0.164769885636359,0.397298966743364,0.134479173521336,0.0123252338421257,0.0398596756681055,0.0862603243318946,0.0104124230488928,0.0546581661288883,0.0714618338711117,0.00377078558907316,0.910594277108656,0.988773051280779
MYH6_MOUSE,LLGSLDIDHNQYK,3,0.965141414445683,0.994641381393836,11,0.06852,0.00438511873219884,9221181136.36364,505.93158,0.0147877149351009,4,4,1,2| 3| 6| 7| 9| 13| 16| 24| 31,NaN,-0.0301862117386114|-0.0304142899409473|-0.0596007409032503|-0.00695971962265973|-0.0128986397544344|-0.0221132362681741|,0.436514686740987| 0.416009202938475| 0.40504739265261| 0.390894209569718| 0.353693184838338| 0.336022540829148| 0.307991403200646| 0.280469734829129| 0.250627411926619| NaN| 0.220286829430729| 0.18845911995207,0.436514686740987,0.170177099602613,0.00558348195946007,0.0588074253872302,0.0782325746127698,0.00435905267165016,0.0648527677488841,0.0721872322511159,0.00164587240552787,0.993893708484365,0.998358379158263
MYH6_MOUSE,LLGSLDIDHNQYK,2,0.916784096730893,0.950276212714723,12,0.08382,0.00894005243547284,1267419499.16667,758.39374,0.0258886425651926,1,6,2,1| 2| 3| 6| 13| 16| 21| 24| 31,0.0909192667407703,-0.0180201823786798|-0.0168930621144081|-0.0107712096722272|-0.000901869397340582|0.0259023733668474|-0.017416372107898|-0.0135338051273908|-0.0316803226013313|,0.432018633504996| 0.405578575123693| 0.378334932829812| 0.370236236380523| 0.325319441506535| 0.322790510337734| 0.299549229156338| 0.258452419579159| 0.238083593543008| 0.14876625394215| 0.203510354393563| 0.184576482492631,0.432018633504996,0.168424294204307,0.0195014611733545,0.0651377090911069,0.102502290908893,0.00848814942459434,0.0697469573570096,0.0978930426429904,0.00639397434687885,0.965627564921946,0.978693024892248
MYH6_MOUSE,KAITDAAMMAEELK,3,0.937343969348679,0.983895976358327,5,0.06066,0.003327721074553,6783418400,507.92654,0.00572503345666684,2,0,0,1| 2,NaN,-0.00383578049590923|-0.03512010268876|,0.406852748853158| 0.379876230386305| 0.367364663718346| 0.353597347808522| NaN| 0.299293465941545| NaN| NaN| NaN| NaN| NaN| NaN,0.406852748853158,0.0990354411335758,0.00292172540550628,0.0449627844127084,0.0763572155872916,0.00565371004754082,0.0526490505576537,0.0686709494423463,0.00288532606949748,0.984009881271104,0.996401070912396
MYH6_MOUSE,KAITDAAMMAEELK,2,0.979773362533553,0.995321425216863,8,0.06361,0.00257391969298026,429676525,761.38617,0.00846043928193821,2,4,0,1| 2| 3| 6| 9| 13,NaN,-0.0102856281801712|-0.0357931776742382|0.00684870851466759|-0.0243512910405095|-0.0383566021162785|-0.0421684401536563|,0.404241384659371| 0.378072248074263| 0.363092266761037| 0.355726673068303| 0.299584203134349| NaN| 0.271886304579672| 0.23421042032508| NaN| 0.184685619030891| NaN| NaN,0.404241384659371,0.0983997870655596,0.00401843869071944,0.0558573811838694,0.0713626188161306,0.00327858382271387,0.0599277534443576,0.0672922465556424,0.0015572226978907,0.993473923210977,0.998376890559606
MYH6_MOUSE,AITDAAMMAEELKK,3,0.978137410393492,0.98940636875902,9,0.0601,0.00235308126517927,6048884000,507.92654,0.0087880851711437,2,3,0,1| 2| 6| 9| 13,NaN,-0.0037942793342294|-0.0354119599102752|-0.00159489102769706|-0.00310792229235401|,0.406936956502225| 0.380063367588633| 0.367735393166925| 0.353858193169481| 0.299584180766966| 0.29934602007123| 0.267788394225659| 0.23421042032508| NaN| 0.186316062995015| NaN| NaN,0.406936956502225,0.0990559388239459,0.00613280108502122,0.0536484925613789,0.0665515074386211,0.00279769985681328,0.0555977892169827,0.0646022107830173,0.00195238625744853,0.995647922671102,0.997676011621573
MYH6_MOUSE,VIQYFASIAAIGDR,3,0.981530343603581,0.994362877622097,12,0.05396,0.00212374295924413,1640663850,508.61206,0.0116237584036074,2,7,0,2| 3| 6| 7| 9| 13| 16| 24| 31,0.0563163597559908,-0.0582692093413729|-0.00714625452295169|-0.0132293286319589|-0.00555888768253212|-0.0175698840148092|,0.422589568006079| 0.399188502008838| 0.400574922812564| 0.373028933346674| 0.339661317295061| 0.315133374086645| 0.287755071283771| 0.251717912683232| 0.235376018468895| 0.204439581111579| 0.185871917545427| 0.159783862060538,0.422589568006079,0.102866072317074,0.00652168084549265,0.0492752742744783,0.0586447257255217,0.00212846765770789,0.0513315656356863,0.0565884343643137,0.00119420812714209,0.997235795009074,0.997847876434408
MYH6_MOUSE,VIQYFASIAAIGDR,2,0.962103088666892,0.991111151323386,12,0.05308,0.00286482496633884,4201916541.66667,762.41443,0.0159096587333624,7,2,1,1| 2| 3| 6| 7| 9| 13| 16| 21| 31,0.0517660179241323,-0.0269802344482562|-0.0231721949503788|-0.0164183810341273|-0.0338773984125302|,0.422507101618325| 0.40670194733346| 0.373897829314499| 0.366192660235541| 0.330747313257023| 0.324627930712527| 0.307402863657274| 0.274517908520016| 0.239728243891722| 0.210822976639381| 0.193425200862379| 0.175699007702192,0.422507101618325,0.10284599848173,0.00754384781854779,0.0467565425183175,0.0594034574816825,0.0028730123220081,0.0500816201020807,0.0560783798979193,0.00136228992093919,0.991808727115072,0.997174166020408
MYH6_MOUSE,SVQQVYYSIGALAK,2,0.930738641734182,0.97996230350366,10,0.04994,0.00333576259598168,17876889,763.91431,0.015597722744083,0,3,3,2| 3| 7| 9| 13| 21,NaN,-0.0422875479464059|0.0219969396719064|-0.00709329552659505|,0.419419615578901| 0.415795294473456| 0.382026696253059| 0.376276863361722| 0.320816299654926| 0.338588082536059| 0.298710441143595| 0.273679651600299| 0.246751092707124| 0.220840558885456| NaN| NaN,0.419419615578901,0.117589023831432,0.00850852374793255,0.0414912277594696,0.0583887722405304,0.0037348299138815,0.0453312131643258,0.0545487868356742,0.00203734157467343,0.979048796446659,0.99161953062113
MYH6_MOUSE,LSYTQQmEDLKR,2,0.911201430052872,0.957962414336345,9,0.04909,0.00530005709895164,11821584.3333333,764.3772,0.0229336096682694,2,2,1,1| 3| 7| 13| 24,NaN,-0.0333523225033811|,0.416530472475948| 0.428283479906286| 0.381582993897866| 0.398360660399091| NaN| 0.329079182218299| NaN| 0.284167341609129| 0.232349580249086| 0.230561791609463| 0.220482423744669| NaN,0.416530472475948,0.140988722281777,0.0142219283668195,0.034526265957068,0.0636537340429321,0.00631557152095391,0.0400585223866628,0.0581214776133372,0.00391650538514242,0.973417211684111,0.985864648435141
MYH6_MOUSE,LSYTQQmEDLKR,3,0.992960036135051,0.994246643203839,9,0.06506,0.00175455430980335,151696982.222222,509.92056,0.0053063644222877,1,0,1,2| 24,NaN,0.000540212202633119|-0.0495829581223633|,0.40824111299549| 0.385808176068157| 0.375675698989052| 0.359755926514095| 0.318750039399921| 0.324286483595371| 0.287195623361672| NaN| NaN| 0.209391823632793| 0.195393152087684| NaN,0.40824111299549,0.138182910273025,0.00467719405433165,0.0601251619543072,0.0699948380456928,0.00213999531507669,0.0607102808081822,0.0694097191918178,0.00188625819250821,0.996498188470128,0.997362108130114
MYH6_MOUSE,LTEEMAGLDEIIAK,2,0.711926186749973,0.932868060964159,9,0.04413,0.00527593713225142,18947383.3333333,766.89746,0.0228096528104508,2,2,1,1| 2| 3| 9| 13,NaN,,0.405906431942324| 0.401128615050092| 0.368803763798821| 0.345657082601976| 0.331173380547502| 0.332685712741679| 0.318637897208823| 0.25470878544206| 0.265713966287779| NaN| NaN| NaN,0.405906431942324,0.108564814146075,0.0111397423730928,0.0293569967179219,0.0589030032820781,0.00640632124510202,0.0369151838865428,0.0513448161134572,0.00312870909622133,0.918030937197159,0.96831788150653
MYH6_MOUSE,LTQESIMDLENDK,2,0.927464254485876,0.986313028996376,12,0.04451,0.0039428976790389,663009375,768.36652,0.0221064248179025,0,5,0,0| 1| 3| 7| 21,0.0518162865179537,,0.420682802700894| 0.392492977263534| 0.394106386715464| 0.37566221431497| 0.347360967731567| 0.32660817292991| 0.314815611731375| 0.273057902131013| 0.259799297654687| 0.243161095398927| 0.227551849495612| 0.187695267210928,0.420682802700894,0.135843063551699,0.00841541117589514,0.035445853806749,0.053574146193251,0.00411822231384152,0.0410594865043551,0.0479605134956449,0.00156771320420192,0.983930790908216,0.995848220218784
MYH6_MOUSE,AITDAAMmAEELKK,3,0.985309247824175,0.991257855390796,8,0.05956,0.00294065509506144,90549357.5,513.25818,0.00914185557616492,4,1,0,1| 3| 6| 24| 31,NaN,-0.0169533162301516|,0.398737953436319| 0.367962364202498| 0.364850530543789| 0.349926782839052| 0.295978222652143| 0.292506464477316| NaN| NaN| NaN| NaN| 0.181968281584911| 0.148070690251806,0.398737953436319,0.0970601506972185,0.00650883411114002,0.0506830527388076,0.0684369472611924,0.00375406251434344,0.0532397757681621,0.0658802242318379,0.00267282390813716,0.997447368486566,0.99724879724968
MYH6_MOUSE,AITDAAMmAEELKK,2,-0.785720250942917,0.649944228466591,6,0.02489,0.00955105966655883,4956224.16666667,769.38361,0.0376730219519065,1,4,0,1| 2| 6| 9| 13,NaN,,NaN| 0.376811991005257| 0.343662559432146| 0.399718622146061| 0.364072484317373| NaN| 0.328016992615548| 0.295084153249004| NaN| NaN| NaN| NaN,NaN,NaN,0.014206890682159,0,0.0729451507616244,0.0186942699554371,0.0105464321106651,0.0392335678893349,0.00557989156204036,0.801673378046484,0.807284288782575
MYH6_MOUSE,NYHIFYQILSNK,2,0.357976928173864,0.669015648023447,2,0.03203,0.0124824890263154,1234340500,770.40137,0.00541259380498159,1,0,0,2,NaN,-0.0230655309107959|,0.419527391976629| NaN| 0.395347737567056| NaN| NaN| NaN| NaN| NaN| NaN| NaN| NaN| NaN,0.419527391976629,0.188376724397335,0.00283954136417291,0,1.50069590103477,0.115586513167533,0,1.83074435827762,0.141561890087597,1,1
MYH6_MOUSE,NYHIFYQILSNK,3,0.94972651192524,0.9857031878599,11,0.04625,0.00310751990794517,3079343454.54545,513.93665,0.013103465788896,5,1,3,1| 2| 3| 6| 7| 13| 16| 24| 31,NaN,-0.028291612330637|-0.00855031803706646|-0.0103705596869361|-0.0180770636066093|-0.0139961650386035|,0.410950064241473| 0.392756118436998| 0.383107070572427| 0.382866838467738| 0.34684604790623| 0.347193420618688| NaN| 0.29456064915706| 0.297217698294667| 0.2653416956366| 0.251793652881101| 0.231782886401669,0.410950064241473,0.184525321762531,0.00680780225317981,0.0393837789544575,0.0531162210455425,0.00308159477646236,0.0426827090360868,0.0498172909639132,0.00160101824971874,0.993719385818509,0.996235932519188
MYH6_MOUSE,YEESQSELESSQK,3,0.961904569201872,0.988187301616637,10,0.05608,0.00349960852596835,54053208,515.2301,0.0166217037881562,0,4,2,2| 3| 6| 7| 13| 31,NaN,0.0175626341197104|0.0521088874668307|-0.00499842333983606|0.0424627845399902|,0.424842477173104| 0.398857757603421| 0.393191532375996| 0.396254338131328| 0.320866282327604| 0.330053202197599| 0.287464140969622| 0.24598779442114| NaN| 0.187544378120525| NaN| 0.139596333262366,0.424842477173104,0.0817159591322664,0.00912267368353514,0.0468742534901341,0.0652857465098659,0.00406945488241723,0.0510275082402389,0.0611324917597611,0.00223348396983312,0.986080665242067,0.994737575681359
MYH6_MOUSE,YEESQSELESSQK,2,0.993871685936542,0.996992621615339,12,0.05967,0.0014095389954219,698988650,772.34155,0.00777198703127198,1,6,0,1| 2| 6| 13| 16| 24| 31,0.0579834148278753,-0.000112131828341701|-0.0445102514933896|-0.0251322850389555|-0.0485320797473603|-0.0500804480325431|-0.0573929499100518|,0.437778015921319| 0.41450961817243| 0.406118314060996| 0.385889468281164| 0.334741015718645| 0.325729997905898| 0.28529969815637| 0.250400379542215| 0.221846092807078| 0.194612739746447| 0.169594670014525| 0.143172373590385,0.437778015921319,0.0842040341541817,0.00534549718214509,0.0564713120772077,0.0628686879227923,0.0014532982696668,0.0574699735191208,0.0618700264808792,0.000999564432372555,0.997393619228126,0.998997659811073
MYH6_MOUSE,TFLHEPAVLYNLK,3,0.839404756743256,0.93419809797015,9,0.04714,0.00748676205547419,22639401.4444444,515.62054,0.0269105037359977,0,4,4,0| 2| 6| 7| 9| 13| 21| 31,NaN,0.0381849004427389|-0.0103087691213479|,0.395027204938824| 0.401237275936475| 0.398996694072624| NaN| 0.334650575313553| 0.344395100678365| 0.288608207326556| 0.278207697321696| NaN| 0.23818559364262| NaN| 0.211817045968209,0.395027204938824,0.161429964110473,0.0148829280972291,0.0259953869522313,0.0682846130477687,0.00916937343077117,0.035445913604556,0.058834086395444,0.00507114719239763,0.964942710884639,0.981837963328321
MYH6_MOUSE,KLAEQELIETSER,3,0.971961907867412,0.990153403897168,10,0.07273,0.00380117763068159,2010455220,515.94214,0.0141597733003882,0,1,3,1| 2| 7| 9,NaN,-0.0141011786427433|-0.026477875614992|,0.427411458388462| 0.403650822394797| 0.382282986039191| 0.370825193896099| 0.312022098506518| 0.275463725662284| 0.257309930452457| 0.237055914116304| 0.187521433153839| NaN| NaN| 0.124756379620174,0.427411458388462,0.0946868725739323,0.00852692750598547,0.062935642511221,0.082524357488779,0.00432965385915583,0.0668318987731792,0.0786281012268208,0.00260729065358835,0.986489849551495,0.995578968816318
MYH6_MOUSE,KLAEQELIETSER,2,0.993472615797097,0.996959493368893,12,0.05709,0.00139730275078695,703288733.333333,773.40955,0.00762320486675031,2,4,0,1| 2| 6| 16| 24| 31,0.0571735509304985,-0.00183019228091582|-0.0286520727589648|-0.0354024962316782|-0.0145546409913252|,0.431082810897538| 0.411076829926578| 0.396152492815462| 0.38468981720325| 0.337684921337447| 0.324669183352328| 0.296355037920801| 0.251829333322595| 0.220780739205455| 0.197020807257986| 0.176680429286195| 0.163352450368971,0.431082810897538,0.0955002080154097,0.00506013336995898,0.0539422963732456,0.0602377036267544,0.00143013396261325,0.0550006162776824,0.0591793837223177,0.000949294780112065,0.998093143806188,0.998516871658469
MYH6_MOUSE,KLAEKDEEMEQAK,2,0.937366770009422,0.980009245230261,9,0.0672,0.00448642618653068,33485413.3333333,774.88232,0.0173913617563005,4,3,1,1| 2| 3| 6| 7| 9| 13| 16,NaN,-0.0374121110368745|-0.0273978790328188|,0.439170393731624| 0.417928983633417| 0.38538063954651| 0.376527528052593| 0.337863225012433| 0.294880009810647| 0.301167972315387| 0.225234059744323| 0.211694291278726| NaN| NaN| NaN,0.439170393731624,0.0972918958848214,0.00930164897758488,0.0550832191899102,0.0793167808100898,0.00525444886484878,0.060719423986856,0.073680576013144,0.00281030546062825,0.996463652821126,0.99020234042884
MYH6_MOUSE,KLAEKDEEMEQAK,4,0.994833748770537,0.997985297490424,8,0.06618,0.00138840688000465,68589961.25,387.94479,0.00471072737294936,0,4,0,1| 2| 9| 13,NaN,-0.00827645046317193|0.000691198663354297|0.0030120761682255|,0.412534206667865| 0.392307824779559| 0.376218787113838| 0.356412137380406| NaN| 0.300107912849731| 0.269328209294611| 0.226707159045616| NaN| 0.1777204604887| NaN| NaN,0.412534206667865,0.0913910310369976,0.00289420386088854,0.0619314848763438,0.0704285151236562,0.00179669777211186,0.0635697727674632,0.0687902272325368,0.00110386554287905,0.997442717452268,0.999531892276655
MYH6_MOUSE,KLAEKDEEMEQAK,3,0.989812531148341,0.995547541862959,10,0.06591,0.0018485450305441,281453320,516.92395,0.00751010823032327,0,3,1,2| 3| 6| 16,NaN,-0.0159056972165102|0.06086365057753|-0.0345542906502689|,0.412923692262999| 0.395860070535047| 0.372563550820683| 0.347461021518258| 0.312529504569095| 0.305564855052021| 0.267351288622887| 0.221655101146831| 0.204219477327531| 0.174608347007067| NaN| NaN,0.412923692262999,0.0914773159790412,0.00478567704834275,0.0611403618186308,0.0706796381813692,0.00210844686671904,0.0628706366148873,0.0689493633851127,0.00134356862354741,0.99541461619215,0.997805422370849
MYH6_MOUSE,MVDSLQTSLDAETR,3,0.98953223843057,0.994149903466034,12,0.06349,0.00209429520625261,437087416.666667,522.58734,0.00927592345619625,3,5,1,1| 3| 6| 7| 9| 13| 16| 24| 31,0.0637341409318431,0.0104874267764838|0.00953497419784433|0.00192083173249014|-0.0165172401660356|0.0123429532085831|,0.419101047084095| 0.402809358695953| 0.387233943799952| 0.367647482583489| 0.330179097954186| 0.319289586026034| 0.286254241204076| 0.249568377645008| 0.210916883517938| 0.189517216199463| 0.189818706384602| 0.166077882404562,0.419101047084095,0.117499709557764,0.00664659792002173,0.0588281846612198,0.0681518153387802,0.00211805850676462,0.06014960890249,0.06683039109751,0.0015176799735386,0.996908388241518,0.997215451668678
MYH6_MOUSE,MVDSLQTSLDAETR,2,0.982808049501214,0.995166186981228,12,0.0614,0.002428371853945,5355716250,783.37744,0.0110402786522679,3,5,1,1| 2| 6| 7| 9| 16| 21| 24| 31,0.0642568520958473,-0.00924570113039711|-0.0296714137940915|-0.00320996608509427|0.00102592290011905|-0.00615958676017167|-0.00525096834121306|,0.416379361309582| 0.399459659332215| 0.378672259264251| 0.366268087753966| 0.311550113882153| 0.312401762149777| 0.283913933521271| 0.25462340017748| 0.21683163007798| 0.199550028241246| 0.177074483227813| 0.161502610082826,0.416379361309582,0.116736654227223,0.00590919576478306,0.0559512413575889,0.0668487586424111,0.0024755999015795,0.0584836078954903,0.0643163921045097,0.00132503942286873,0.992609143838734,0.998268670157894
MYH6_MOUSE,LAEKDEEMEQAKR,4,0.991767820374758,0.994996827240933,8,0.06517,0.00139822409621479,67647796.25,394.94632,0.00465561046109497,1,0,1,1| 2,NaN,0.016270113522054|0.0330376350099728|,0.407597082898769| 0.388594285536636| 0.363095518975676| 0.357232559434474| 0.29576969593579| 0.285380234722557| 0.265317014574404| 0.223521463135462| NaN| NaN| NaN| NaN,0.407597082898769,0.0783989086736628,0.00351406968614703,0.0608643201818529,0.0694756798181471,0.00182087273118485,0.061920059083842,0.0684199409161581,0.00137440056904664,0.997359737806689,0.997648565330278
MYH6_MOUSE,mVDSLQTSLDAETR,2,0.97714976005832,0.994400287222914,12,0.06825,0.00336830800874051,108646566.666667,791.37488,0.0137727397497335,4,3,3,1| 2| 3| 6| 9| 13| 16| 21| 24| 31,0.0707253482133239,0.0695926519741728|-0.0169256196406325|0.0278344729378498|-0.0266965954542985|-0.020063077329075|-0.0118332514349292|,0.415926817048042| 0.386610932316145| 0.374170083123089| 0.362691586130327| 0.317659319912314| 0.297643120380169| 0.27398378910339| 0.24976865383735| 0.205001172383136| 0.179556939166051| 0.174625094167569| 0.145606260517762,0.415926817048042,0.11660977833497,0.00658988305206283,0.0606968918174074,0.0758031081825926,0.00343169428131822,0.0646360422466905,0.0718639577533095,0.00164197279519185,0.989317604126486,0.997818197227979
MYH6_MOUSE,VRELENELEAEQK,3,0.978883597852246,0.992336435011364,10,0.06891,0.00318852255826827,272606347,529.60553,0.0118772710696911,0,1,5,1| 3| 7| 9| 13| 21,NaN,-0.0215871960536832|,0.398888878571195| 0.385406161594328| 0.354014688054744| 0.3391999987775| 0.305510505439929| 0.270660348624468| 0.240747400318296| 0.202172454357386| NaN| 0.137653053091615| NaN| 0.1136134462805,0.398888878571195,0.0767239366377155,0.00759140525054425,0.060369502853251,0.077450497146749,0.00377537745307896,0.0634513071317758,0.0743686928682242,0.00241304758070453,0.994368110382411,0.997100164827133
MYH6_MOUSE,VRELENELEAEQK,2,0.986365951050723,0.998088717731092,8,0.06571,0.00257688851589161,86738096.25,793.9046,0.00975463299385336,0,3,1,1| 9| 13| 24,NaN,,0.431553599954236| 0.411518799331888| 0.385647398146237| 0.367713436426141| NaN| NaN| 0.271621115146106| 0.228236740476517| NaN| 0.179766172720776| 0.149025028276817| NaN,0.431553599954236,0.0830068042439975,0.00367488109088392,0.0579732037500758,0.0734467962499242,0.00327189245676017,0.0627953023111394,0.0686246976888606,0.00123262615091006,0.995710529145004,0.999077562101271
MYH6_MOUSE,AYEESLEHLETFK,3,-4.40235091377928,0.912713297789526,5,0.94243,0.487333088392049,25387068,532.59113,0.0679521956305927,1,2,0,0| 2| 6,NaN,,0.424417351191546| 0.150535761105639| 0.129541551899252| NaN| 0.0983471149840731| NaN| 0.107972194556994| NaN| NaN| NaN| NaN| NaN,0.424417351191546,0.118990195427203,0.0233546344009952,0,5.76594171734956,1.73729770793798,0.136967738146976,1.74789226185302,0.290105595952965,0.278185955857987,0.969190505953722
MYH6_MOUSE,AGTVDYNIMGWLEK,3,-0.332072910460035,0.624791458269744,4,0.05199,0.028131513785917,13961861,532.92908,0.0310431244576023,1,1,1,0| 2| 6,NaN,,0.349649914551106| 0.371570182184863| 0.375072114911689| NaN| 0.292571809765623| NaN| NaN| NaN| NaN| NaN| NaN| NaN,0.349649914551106,0.136312500225028,0.0116772026776753,0,0.286850289215357,0.0737986651484012,0,0.216259821413949,0.0516174683468922,0.827624593333143,0.801250755336413
MYH6_MOUSE,RNNLLQAELEELR,3,0.990665923495863,0.997793953285602,12,0.05961,0.00174139525146014,484684695.833333,533.2934,0.00887879905656883,1,6,0,2| 3| 6| 13| 16| 24| 31,0.0605100956535191,-0.0457017858172244|-0.0254038652588912|-0.0164574398968645|-0.0280179880322917|-0.01657589535942|,0.419592132113145| 0.398576705011023| 0.388023076082903| 0.365627865379682| 0.323640704323596| 0.316927903488828| 0.281862461842123| 0.239474806795401| 0.210193387453873| 0.187124054198006| 0.16763621063591| 0.142146032337343,0.419592132113145,0.0929546130939536,0.00433124987563599,0.055707576051778,0.063512423948222,0.0017730351032515,0.0577063221340266,0.0615136778659734,0.000864920809844749,0.997099636566272,0.999090711147608
MYH6_MOUSE,RNNLLQAELEELR,2,0.991563764703192,0.998551506495415,7,0.05975,0.00182577749997441,82659525.7142857,799.4364,0.00577706936155385,1,2,0,1| 2| 24,NaN,-0.0280882191221932|-0.03475748299394|,0.423977188591101| 0.403604225311768| 0.391173442265402| 0.367040105012282| NaN| 0.310004017077788| 0.288459429234252| NaN| NaN| NaN| 0.1665365599374| NaN,0.423977188591101,0.0939260594036132,0.00240635182970383,0.0536115499140085,0.0658884500859915,0.00250865190891489,0.05719312043503,0.06230687956497,0.00104494142848298,0.997816044141784,0.999531292088551
MYH6_MOUSE,ANDDLKENIAIVER,3,0.937095551788813,0.962761097439539,10,0.09618,0.00836389043249866,37555858,533.9494,0.0233954028722342,2,3,1,7| 9| 13| 21| 24| 31,NaN,0.0269766476795607|,0.436376520134564| 0.409856299324469| 0.321559582606001| NaN| 0.267918059736603| 0.282787947157593| 0.238588643935404| 0.198400120679607| NaN| 0.149893164488774| 0.125925769398057| 0.123975878059907,0.436376520134564,0.106222070008575,0.0185255013829614,0.0761433358469948,0.116216664153005,0.00885732630997558,0.0803140945696233,0.112045905430377,0.0070136176624482,0.978629812712263,0.98581095554307
MYH6_MOUSE,IEDMAMLTFLHEPA,2,0.898427105479479,0.948449985773368,7,0.04771,0.00387474561383423,56222421.4285714,809.38617,0.013607202012165,1,3,1,1| 3| 9| 13| 21,NaN,0.0324297672239034|,0.366998566442284| 0.34331622768956| NaN| 0.329249073117857| 0.300565792851978| NaN| 0.260600823032856| 0.239908141218939| NaN| 0.222283598138066| NaN| NaN,0.366998566442284,0.0981584129303567,0.00884890932861857,0.034583167981494,0.060836832018506,0.00536465259795482,0.0391734804275031,0.056246519572497,0.00348869108993902,0.952925315103458,0.983514566537809
MYH6_MOUSE,LEDEEEMNAELTAK,3,0.923372521321081,0.97220434263825,10,0.05663,0.0048872970480005,111272806,541.24689,0.0228304872274766,4,2,1,1| 2| 3| 6| 7| 16| 21,NaN,-0.0181354363310695|-0.0229586781373859|,0.412103065369679| 0.403578222222396| 0.371658211961552| 0.355878351016282| 0.330215397233132| 0.305401726540231| 0.285298155311691| 0.240036983509716| 0.245973554394179| 0.194103374166867| NaN| NaN,0.412103065369679,0.0830882634364983,0.0105836668288748,0.0441602565852831,0.0690997434147169,0.00551232408660456,0.0508493257450903,0.0624106742549097,0.00255538136370523,0.973208005921424,0.99241263661785
MYH6_MOUSE,LEDEEEMNAELTAK,2,0.980629030098019,0.992779374137392,12,0.05591,0.00248647379526098,698875841.666667,811.3667,0.0137057460353223,2,6,1,1| 2| 3| 6| 9| 13| 16| 24| 31,0.0588566548953222,0.00841856953096669|-0.00493899710627412|0.0360244303669068|-0.0186421363873827|-0.0228134769430196|-0.0430062940000823|,0.416555261808003| 0.396803927712986| 0.37785486907773| 0.36823693023686| 0.320206491828692| 0.308037229663511| 0.283036009062138| 0.244948007555958| 0.204639714494793| 0.175617947983815| 0.15435849254104| 0.151297979810357,0.416555261808003,0.0839859157512333,0.0078370414605747,0.0504014865924885,0.0614185134075115,0.00250274900109183,0.0527601934991688,0.0590598065008312,0.00143108938662801,0.997060624390649,0.997376799055471
MYH6_MOUSE,IKELTYQTEEDKK,3,0.874160785266365,0.934546196529524,11,0.06688,0.008242159871719,49828253.2727273,542.28577,0.0276340573052196,4,3,2,1| 2| 3| 6| 7| 9| 16| 21| 31,NaN,-0.0247766722633585|-0.0584027946082009|0.0054546308786367|-0.00932071555972342|,0.40797568766271| 0.39511659702916| 0.426046439585425| 0.363500797569976| 0.342101687619579| 0.314317544197792| 0.297407033020998| 0.279701267942801| 0.248152039404295| 0.211894498063046| NaN| 0.205124563670397,0.40797568766271,0.151733562005034,0.017961403896372,0.0479617415133343,0.0857982584866657,0.00849061021274881,0.0545836340360057,0.0791763659639942,0.00551867131465479,0.938693889811165,0.980036923470737
MYH6_MOUSE,IKELTYQTEEDKK,4,0.992197649452438,0.992197649452438,2,0.07104,0.00278418696534101,101520685,406.96616,0.00325812192051245,0,0,0,,NaN,,0.394394886762246| NaN| NaN| NaN| NaN| NaN| NaN| NaN| NaN| 0.213694025153649| NaN| NaN,0.394394886762246,0.146682615691752,0.00325812192051245,0,0.380283499118537,0.0243379912052527,0,0.380283499118537,0.0243379912052527,1,1
MYH6_MOUSE,IKELTYQTEEDKK,2,0.788371348921098,0.918081352925399,3,0.02817,0.00570238674316413,7953975.33333333,812.92505,0.0153498035651056,1,1,0,3| 16,NaN,,0.405816038832987| NaN| NaN| 0.396442384027363| NaN| NaN| NaN| NaN| 0.289820845988413| NaN| NaN| NaN,0.405816038832987,0.150930349412904,0.00752895786205013,0,0.131462917003427,0.0240067984778898,0,0.105017164712637,0.0178604153157207,0.968003120760279,0.989992503459311
MYH6_MOUSE,LEDEEEmNAELTAK,2,0.965735896332758,0.984160015136008,11,0.06859,0.0043057727934603,36938720,819.36414,0.0173216133925159,0,5,2,0| 1| 2| 6| 7| 9| 31,NaN,-0.0367595577955889|-0.0647029080044059|-0.0305727188079913|0.0174710351776867|,0.413480381711366| 0.368903172200017| 0.351883890138665| 0.36329320140657| 0.294934356452668| 0.27821663980951| 0.249207020196393| 0.219963389374131| 0.178687346666906| 0.162757522471568| NaN| 0.110560286597375,0.413480381711366,0.083365958102348,0.011175714217052,0.0580804533164974,0.0790995466835026,0.00471673777294048,0.0618093562098356,0.0753706437901644,0.00304318727087701,0.988494182886571,0.994558225003052
MYH6_MOUSE,KLLGSLDIDHNQYK,3,0.73789231659667,0.916018480437386,5,0.04037,0.00584622094569283,14204363.4,548.62988,0.0147550301623485,2,1,2,0| 1| 6| 7| 13,NaN,-0.0171457748607966|-0.0152618037892333|0.0191606504194624|,0.40871291450694| 0.375818138455595| NaN| NaN| 0.331820001369773| 0.322026006478225| NaN| 0.267141512463828| NaN| NaN| NaN| NaN,0.40871291450694,0.152007750047272,0.00904757028421599,0.0122558509394445,0.0684841490605555,0.0101259517102133,0.0231308119531072,0.0576091880468928,0.00620908658164006,0.909269617618758,0.990948895498343
MYH6_MOUSE,NLTEEMAGLDEIIAK,2,0.98667005128106,0.99668224327816,12,0.05925,0.00207317032767399,2033457241.66667,823.91888,0.00971197490779128,3,5,0,1| 2| 7| 9| 13| 21| 24| 31,0.057750143663334,-0.0132705271780388|-0.0551593590345386|-0.019611828892466|-0.0528455381848326|-0.0309845987229606|,0.394389225764816| 0.376225900814551| 0.364265337025873| 0.340980258494179| 0.303609939252734| 0.289758741660202| 0.276886611840363| 0.236404441974039| 0.212135519340958| 0.183370973796358| 0.179204810560103| 0.149775941983501,0.394389225764816,0.0960015904084381,0.00460058785001942,0.0546650404441114,0.0638349595558886,0.00208313969661922,0.0570780926973226,0.0614219073026774,0.000986788708697259,0.99780260876506,0.999079119217659
MYH6_MOUSE,NLTEEMAGLDEIIAK,3,0.973634009330733,0.99446195081616,12,0.0615,0.00301148431584896,611688750,549.61505,0.0138619692594496,5,4,0,1| 2| 3| 6| 7| 9| 13| 16| 24,0.0647981699611625,-0.0148794024188966|-0.0277490120241253|-0.0273872423620866|,0.401616044571151| 0.381863110515456| 0.36045699863593| 0.348196596209341| 0.307020245758496| 0.290637149857087| 0.276069625606027| 0.225144174757072| 0.205412596129544| 0.185076334152586| 0.153347853742128| 0.132806397962727,0.401616044571151,0.0977607310078203,0.0065063791391969,0.0549519929860419,0.0680480070139581,0.00297503460570303,0.0584265682644701,0.0645734317355299,0.00139638912297686,0.996301542178878,0.99855635463706
MYH6_MOUSE,SEAPPHIFSISDNAY,2,0.980718798380763,0.989180577499756,9,0.08298,0.00348533233721953,422119000,824.38611,0.00927888127584873,2,0,2,2| 7| 13| 31,NaN,0.0241783377785794|,0.370161267935084| 0.350927031358256| 0.321946987209136| 0.298929930872386| 0.260833621134092| 0.246932995076661| 0.226889189752073| 0.189390645411769| NaN| NaN| NaN| 0.106670893097728,0.370161267935084,0.0746319538210389,0.00706755751920696,0.0729398909680513,0.0930201090319487,0.00435389897141251,0.0753326289460023,0.0906273710539977,0.00331628679131465,0.998373351326337,0.998397124584315
MYH6_MOUSE,KAITDAAMMAEELKK,2,0.0480293619742918,0.156558096340422,10,0.01268,0.0102399104020559,18698549.4,825.43365,0.0822091372470587,2,3,2,0| 1| 2| 6| 13| 21| 24,NaN,-0.0413219014010291|,0.362299431898243| 0.354022506752658| 0.346741497833666| 0.34726264055629| 0.338149289707525| 0.273837023687711| 0.249280535268131| 0.277197413409216| NaN| 0.187484475918295| 0.312098667656038| NaN,0.362299431898243,0.0841329567046778,0.0451653142042803,0,0.0404182759441458,0.0122618695126751,0,0.0278228157068954,0.0066939715585181,0.224123170412039,0.699405787169106
MYH6_MOUSE,KAITDAAMMAEELKK,3,0.993492071568303,0.995705315573887,10,0.05771,0.00150899805377978,586500872,550.62488,0.00570367825927709,2,3,0,1| 3| 7| 13| 31,NaN,0.00871109593457985|3.21214312577234E-05|0.00268369293231735|-0.00998363307080817|,0.364366673241091| 0.348907225156098| 0.333109435898118| 0.333112900579791| 0.283487786615997| 0.278936014676719| 0.251948095946512| 0.214277120017662| NaN| 0.169035757055161| NaN| 0.131279735127504,0.364366673241091,0.0846130102490202,0.00448560172483698,0.053805855884871,0.061614144115129,0.00172585007787744,0.0546396242212908,0.0607803757787092,0.00135727783620079,0.997800680606535,0.998310688811829
MYH6_MOUSE,KAITDAAMMAEELKK,4,0.962561157759398,0.973038585175262,11,0.06161,0.00418114288293808,71291638.1818182,413.22046,0.0160596969271604,2,1,3,0| 2| 3| 13| 21| 24,NaN,0.0142881594722967|0.0072076802186548|,0.391455128504178| 0.343206360527448| 0.334947525194721| 0.339008836290467| 0.280768345162605| 0.283543789344448| 0.242797068698537| 0.210260531654552| NaN| 0.163193103079016| 0.139815212613132| 0.116737770056148,0.391455128504178,0.0909034750778085,0.0137493755437001,0.0514046504782202,0.0718153495217798,0.00458021254627474,0.0528727751466241,0.0703472248533759,0.00392131076036647,0.986461049494077,0.994591285651846
MYH6_MOUSE,LTFLHEPAVLYNLK,3,0.646037193826308,0.830801876631223,11,0.03962,0.0104874480341283,78888220,553.31525,0.044732039861677,6,3,2,0| 1| 2| 3| 6| 7| 9| 13| 16| 21| 24,NaN,0.0211989815406722|-0.00721474327807193|-0.0678638042964438|-0.0414057357670218|,0.368632793102064| 0.409460201617099| 0.364499290005071| 0.380385565101922| 0.31479227256668| 0.307642488478077| 0.297790039248329| 0.271444139759836| 0.250343114512285| 0.245063326499085| 0.233000040649263| NaN,0.368632793102064,0.15064374761132,0.02269322601832,0.0140221967733919,0.0652178032266081,0.0114884237179106,0.0266338554827774,0.0526061445172226,0.00582824742245053,0.964850367560859,0.959968434040806
MYH6_MOUSE,QAEEAEEQANTNLSK,2,0.989856894186053,0.996816834553462,12,0.06365,0.00188456989889568,839954058.333333,831.38428,0.0100708424255112,1,3,0,2| 3| 6| 9,0.0637446874142476,-0.0169338478161874|-0.0769585580817811|,0.420245313905485| 0.390871590781299| 0.385828111129009| 0.353662579740996| 0.30277055398204| 0.285168514921113| 0.270490058071359| 0.212187394758474| 0.179119538777194| 0.160543059282483| 0.133258339844422| 0.105339146649013,0.420245313905485,0.0554552582828269,0.00583063730717639,0.0593764781454211,0.0679235218545789,0.00194164046838968,0.0611757922916933,0.0661242077083067,0.00112413647972867,0.997510106920798,0.998411110705495
MYH6_MOUSE,QAEEAEEQANTNLSK,3,0.986435975324225,0.998325325449991,11,0.06282,0.00225253772185666,354953163.636364,554.59192,0.0112731072500665,2,3,0,1| 2| 3| 6| 9,NaN,-0.0202391749525638|-0.0212901107428088|,0.422852093439498| 0.396604041486962| 0.377580002817243| 0.358273556338249| 0.305404011752256| 0.285389445916324| 0.265831895550544| 0.212527400166754| NaN| 0.16327150715676| 0.134426703423204| 0.107904493368232,0.422852093439498,0.055799246966488,0.00408010035011623,0.0574122421051195,0.0682277578948805,0.00242702912864354,0.0608627583637053,0.0647772416362947,0.000878419958034405,0.997112557175371,0.999305409722555
MYH6_MOUSE,NLTEEmAGLDEIIAK,3,-0.292688531417469,0.606107452648782,3,0.03556,0.0144245917187013,6316176.33333333,554.94666,0.0228671042301651,0,2,0,0| 6,NaN,,0.397511435764311| NaN| NaN| 0.342457511077099| 0.342091767190112| NaN| NaN| NaN| NaN| NaN| NaN| NaN,0.397511435764311,0.0967615937400692,0.00817124540779847,0,0.237085577633269,0.0468375186869949,0,0.169901432507766,0.0312229317460168,0.691779466536768,0.883690420067888
MYH6_MOUSE,NLTEEmAGLDEIIAK,2,0.961758005792493,0.987951476625433,12,0.05125,0.00311825760746787,59353810,831.91638,0.0169129530847791,4,2,1,1| 3| 6| 13| 16| 24| 31,0.0561911660330259,0.0246157518345735|0.0331459659146723|0.00221532299304949|,0.400058804384013| 0.386084352228499| 0.363495655148279| 0.361045794361356| 0.312369209053596| 0.30219442739459| 0.278050471650908| 0.241500246287772| 0.210009726231412| 0.190139890881004| 0.186782978616142| 0.154765524811109,0.400058804384013,0.0973816701084681,0.00893554452605775,0.0444034775970866,0.0580965224029134,0.00311066268468705,0.0476328075751631,0.0548671924248369,0.0016434424423244,0.988464956073972,0.99718863342772
MYH6_MOUSE,KAITDAAMmAEELKK,3,0.180359172971966,0.84772474396174,9,0.05383,0.0277515104223131,4675856,555.95648,0.105829908416667,1,3,2,1| 3| 6| 7| 13| 21,NaN,,0.341745360972755| 0.319102234738319| NaN| 0.298689522500637| 0.199270735180742| 0.263660191227738| 0.234769365152543| 0.221136993239616| NaN| 0.136935031329643| 0.160879202940438| NaN,0.341745360972755,0.0793599026862971,0.0223909156165232,0,0.139253847620541,0.0370440999301564,0.0365837612662799,0.0710762387337201,0.00747884120028374,0.603206553332017,0.933703677676437
MYH6_MOUSE,SISDNAYQYMLTDR,2,0.97516057860109,0.996087566534856,9,0.05596,0.0028803860699092,636687511.111111,838.88287,0.0103598977192149,5,2,0,1| 2| 3| 7| 9| 13| 31,NaN,-0.0246708095320607|-0.0353942846973886|-0.0572309405028107|-0.00753802885950083|-0.0180324074247727|,0.389395659508104| 0.371096969644704| 0.356867059625734| 0.348317338973799| NaN| 0.30175626318583| 0.290314983744136| 0.238444243180609| NaN| NaN| 0.186312420090705| 0.15900522049371,0.389395659508104,0.114436361401426,0.00423173181001462,0.0482568483266566,0.0636631516733434,0.00334047608850469,0.0528134755016939,0.0591065244983061,0.00136449213181902,0.996698691514233,0.998113521629594
MYH6_MOUSE,LEEAGGATSVQIEMNK,3,-1.23694210020255,0.136448337140869,4,0.21523,0.150550802091869,333779100,559.61017,0.0451252645325212,1,0,3,0| 13| 16| 21,NaN,,0.264481871357508| NaN| NaN| NaN| NaN| NaN| NaN| 0.107297246501644| 0.112622945409187| 0.107404953983236| NaN| NaN,0.37842,0.0694381504260671,0.0361146375961269,0.0583093834750609,0.372150616524939,0.0493081741170205,0.0603716966923378,0.370088303307662,0.0486601464616795,0.986975274782094,0.998439537867676
MYH6_MOUSE,LEEAGGATSVQIEMNK,2,0.996675169199801,0.997726289426674,12,0.06269,0.00108193508281107,2648355583.33333,838.91162,0.00499869259528107,0,3,0,1| 2| 16,0.0613482335277888,-0.0102033458493036|-0.0137131623647015|-0.081150688311798|,0.3805506186737| 0.360989584539675| 0.341675275449483| 0.331171061043479| 0.278335260653843| 0.27741801851192| 0.247392332294199| 0.206934256801475| 0.189675474802576| 0.161636344772124| 0.138976412036823| 0.114560460623899,0.3805506186737,0.0698291081449112,0.00412530707892611,0.0602121969216469,0.0651678030783531,0.00112577000734793,0.060645125588446,0.064734874411554,0.000929072330820936,0.998421842033782,0.999118132414096
MYH6_MOUSE,APGVMDNPLVMHQLR,2,0.96526827907892,0.98739754169271,12,0.05579,0.00301473276316505,379364191.666667,839.43182,0.0139204164879261,7,1,0,2| 3| 6| 7| 13| 16| 21| 24,0.0573118842279927,-0.0311375453945124|-0.0210898784697428|,0.373288749556492| 0.348713648369178| 0.331337147777444| 0.314751699880077| 0.296035382474185| 0.279093857068042| 0.252654394913502| 0.240653766741724| 0.210430306424419| 0.180202327401004| 0.169029372588762| 0.13866490763844,0.373288749556492,0.0952474097714945,0.00811381688248781,0.0492541863597161,0.0623258136402839,0.0029694946439156,0.0519804591646862,0.0595995408353137,0.00173083440392444,0.996359975825083,0.995876440668578
MYH6_MOUSE,APGVMDNPLVMHQLR,3,0.973754177080237,0.990425242507186,12,0.05712,0.00266745106083241,7419889500,559.95697,0.011901622358985,7,2,0,1| 2| 3| 6| 9| 13| 16| 24| 31,0.0573116041122082,-0.0142127738323823|-0.0217538100626602|-0.0336523907124245|-0.0895044221848005|,0.36864628656475| 0.343876333709942| 0.32517437203884| 0.323685155473178| 0.284555008001602| 0.270862514493889| 0.26346343014173| 0.23636652540347| 0.198122599722206| 0.178221692284154| 0.162394787630738| 0.146096075018336,0.36864628656475,0.0940628506990638,0.00700065602006797,0.0512793654768077,0.0629606345231923,0.00265364557318294,0.0536844790262619,0.0605555209737381,0.00156090147180693,0.996589131332294,0.996627120085734
MYH6_MOUSE,RVIQYFASIAAIGDR,3,0.317818482549089,0.209873280161135,5,0.03428,0.0131982653112897,10077464.4,560.64575,0.0379621212972948,2,1,0,0| 1| 13,NaN,,0.416096791387534| 0.373731568618037| 0.346785164544825| NaN| 0.412548966186059| NaN| NaN| 0.265842762280507| NaN| NaN| NaN| NaN,0.36918,0.0780237626090751,0.0315232468113088,0,0.115600245304564,0.029289340226627,0,0.105527233028699,0.0256613152182193,0.793837166821364,0.733570832056729
MYH6_MOUSE,LEEAGGATSVQIEmNK,2,0.981789119730363,0.994558011153492,10,0.05577,0.00245913753761062,70491523,846.90906,0.0108158131323985,0,3,2,1| 2| 3| 7| 13,NaN,0.0371128732154293|0.0142607042160229|-0.0295725251904087|,0.387343626339925| 0.373337874825662| 0.36082760085184| 0.342005875427975| 0.282870642521461| 0.275269964358251| 0.262372255020282| 0.224472691543633| NaN| 0.166650423841251| NaN| 0.126405768964389,0.387343626339925,0.0710755905934413,0.00565339433345558,0.049433018531892,0.062106981468108,0.00280130026908109,0.0524576780613285,0.0590823219386715,0.0014642315722053,0.993456276043233,0.997544398339637
MYH6_MOUSE,APGVmDNPLVMHQLR,2,-0.444786295770034,-0.0623718159244377,4,0.02127,0.104282094657168,4813001,847.42926,0.0934210423736998,0,0,2,1| 2,NaN,,0.339455564966224| 0.225946613082277| 0.428029320045822| 0.246225036238266| NaN| NaN| NaN| NaN| NaN| NaN| NaN| NaN,0.339455564966224,0.0866146202744292,0.047913190898086,0,0.790087086956628,0.241580536881036,0,0.308512649709234,0.0902584434050213,0.236959305086817,0.105789921885422
MYH6_MOUSE,APGVMDNPLVmHQLR,3,0.930535738889417,0.973499927370063,12,0.04072,0.00340962642287933,362032241.666667,565.28857,0.0191834815302437,4,3,2,0| 1| 2| 3| 6| 7| 16| 21| 31,0.0481411231658683,-0.0261085090269824|0.0304851714138959|-0.0876404791330331|,0.375975894177106| 0.358693941366149| 0.336593773601381| 0.326689550947167| 0.296528748061739| 0.28859938881265| 0.276800733713479| 0.238669096608342| 0.228355232741255| 0.207871916577692| 0.192156919940284| 0.165321819670504,0.375975894177106,0.0959330547717764,0.0106340447498792,0.0328817665795266,0.0485582334204734,0.00356123865227666,0.0363750053324833,0.0450649946675166,0.00197411356919781,0.985512559278866,0.995564244022386
MYH6_MOUSE,LQNEIEDLMVDVER,3,0.987478141950823,0.995262298831582,12,0.06482,0.00229975735244441,1461802575,568.28204,0.00957213086218451,1,7,0,6| 7| 9| 13| 16| 21| 24| 31,0.0661103308758378,-0.02305087614771|-0.0186974277343076|-0.0461166416015948|-0.0428852124594159|-0.0320218354987814|,0.388395178656712| 0.369262445558792| 0.346853112590735| 0.334609610432649| 0.282143093475127| 0.281318994050859| 0.254618718016222| 0.228344292343104| 0.198135308500842| 0.176467969869289| 0.158038462635225| 0.145799383084588,0.388395178656712,0.0991019278741757,0.00553476330154386,0.0597877126114463,0.0698522873885537,0.00228637951897069,0.061910248768848,0.067729751231152,0.00132202219518262,0.998406321505281,0.998265872798767
MYH6_MOUSE,LQNEIEDLMVDVER,2,0.97433148257946,0.997954276407082,12,0.07056,0.00337180742570396,914527769.166667,851.91943,0.0124244640167077,1,2,2,1| 2| 3| 6| 21,0.0711883343163034,-0.0250505285117022|0.0161411627685861|-0.0525365446132302|0.0845802547287241|,0.374701369423406| 0.358479689356652| 0.338633899546521| 0.319797019423832| 0.284631852625399| 0.272239231375058| 0.240214382574561| 0.207233151609296| 0.180767637445264| 0.152471069950371| 0.14787940911526| 0.126246706887984,0.374701369423406,0.0956078502709074,0.0037776974356097,0.0629175401200288,0.0782024598799711,0.00347229051024909,0.0682362859909697,0.0728837140090303,0.00105576087134387,0.99056107523518,0.999130146587979
MYH6_MOUSE,NHHMFVLEQEEYK,3,0.911255914551353,0.965925169205195,7,0.04877,0.0045413555939786,30154268.7142857,568.59973,0.0158672824576085,4,1,0,1| 2| 6| 9| 13,NaN,-0.0126746250982399|,0.382752705923209| 0.36819483243991| 0.350151338828074| NaN| 0.313379314468537| NaN| 0.255680179092966| 0.248831717757322| NaN| NaN| 0.177851075968339| NaN,0.382752705923209,0.107309041796312,0.00978144565187313,0.0340506623445914,0.0634893376554087,0.00601547524047997,0.039696209217451,0.057843790782549,0.00370826222399092,0.991251245984637,0.992228017757479
MYH6_MOUSE,EDQVMQQNPPKFDK,2,0.866965778577669,0.93501094087006,5,0.05605,0.00922772612693486,15217584,852.40649,0.0261858241170818,1,2,2,0| 3| 7| 16| 24,NaN,,0.386357966085653| NaN| NaN| 0.313179072730152| NaN| 0.297412396434622| NaN| NaN| 0.168836131398995| NaN| 0.140289657558214| NaN,0.386357966085653,0.0985821178858546,0.0152297847223094,0.011674381932783,0.100425618067217,0.015982890490182,0.0302409551113851,0.0818590448886149,0.00929571589258974,0.989934874773771,0.986563375663269
MYH6_MOUSE,EDQVMQQNPPKFDK,3,0.976473560004389,0.987359902489653,3,0.05654,0.00234836186593378,215105443.333333,568.60675,0.00401386112864008,1,0,0,9,NaN,-0.0781458287512526|,0.38413684078102| NaN| NaN| 0.33469030188975| NaN| NaN| 0.27706098233243| NaN| NaN| NaN| NaN| NaN,0.38413684078102,0.0980153811912835,0.00245970749371632,0.0325211084963552,0.0805588915036447,0.00558234489564437,0.0418211431365363,0.0712588568634637,0.00342087958010088,0.9999964919579,0.996729840405853
MYH6_MOUSE,NAYEESLEHLETFK,2,0.953655268839823,0.975067361597802,12,0.05928,0.00389843004423018,620554186.666667,855.40448,0.0174372713163724,1,5,2,1| 2| 3| 9| 13| 16| 24| 31,0.058745279052641,-0.0263743232836755|0.00325353720414995|-0.0699713920901949|-0.00237634058929579|-0.0407678266986908|,0.382684830981964| 0.367526118002504| 0.352740561491055| 0.32443324294827| 0.272427670903935| 0.291009431327707| 0.295631116466527| 0.234445299142329| 0.205270624567515| 0.181989708278674| 0.15848546390558| 0.145754072801503,0.382684830981964,0.0976448900567737,0.01241064620972,0.0506065442881988,0.0679534557118012,0.00394071521894164,0.0531068328626755,0.0654531671373245,0.0028047291063037,0.977998542951268,0.987553079032696
MYH6_MOUSE,NAYEESLEHLETFK,3,0.974923221939519,0.994482527462183,12,0.06202,0.00290717523698619,2610486370,570.60541,0.0126546539750237,4,1,1,1| 2| 6| 16| 21| 31,0.0664300441449189,-0.0227190504321536|-0.0470608097663084|-0.0180469981841296|0.0619875577147905|,0.388940583030503| 0.367343386805692| 0.354716551376998| 0.334162637008016| 0.300102448073353| 0.284792411427792| 0.253425783973069| 0.216628954696283| 0.198103175845465| 0.172664689142982| 0.162133189962022| 0.13768352199954,0.388940583030503,0.0992410918697241,0.006160829796253,0.0556580674147331,0.0683819325852669,0.00289049317753829,0.0589227376085965,0.0651172623914035,0.00140721639083858,0.994499642736073,0.998923826841397
MYH6_MOUSE,APGVmDNPLVmHQLR,3,0.106348513674097,0.870240028014986,7,0.09072,0.022055850794959,60675664.2857143,570.62024,0.0459266739850321,3,1,0,0| 3| 7| 13,NaN,-0.0768181086301894|,0.371666145872114| NaN| 0.293038359044991| 0.334270138150232| 0.22964500442391| 0.206492760335068| NaN| 0.17364187766102| 0.0855072548718829| NaN| NaN| NaN,0.371666145872114,0.0948333903342458,0.0251529061316642,0.0143967004216685,0.167043299578331,0.0311916833239085,0.0489196120472751,0.132520387952725,0.017082915322598,0.741461170323153,0.96188232356674
MYH6_MOUSE,GQSVQQVYYSIGALAK,3,0.989245103745931,0.99803085586837,12,0.06123,0.00192354834037681,611384075,571.3053,0.00842032341621547,1,0,2,2| 3| 7,0.0612379388416743,-0.0624420276236744|0.0327301334874188|,0.364848999352383| 0.351060432944926| 0.335145146076554| 0.319840640244507| 0.280131584781557| 0.262079926792981| 0.245639968921539| 0.203264073983297| 0.178211301390714| 0.162424885582355| 0.144283690467071| 0.119959457780944,0.364848999352383,0.0771084341341051,0.00361427708610424,0.0568049499321499,0.0656550500678501,0.00201048609993238,0.0593306243733708,0.0631293756266292,0.000862966121814664,0.994821050256682,0.999132211490986
MYH6_MOUSE,GQSVQQVYYSIGALAK,2,0.983116361186221,0.997061757965468,12,0.06034,0.00227026847243607,1786581983.33333,856.45428,0.0102911391973894,2,5,1,1| 2| 3| 6| 13| 16| 24| 31,0.0607710520239673,-0.0129526525066196|0.0381349641021321|-0.0101779022506235|-0.0591409490549914|,0.372526344156017| 0.350524690436552| 0.333043539429678| 0.31770938108125| 0.283883335532146| 0.264344328257638| 0.255150760560139| 0.214435675861984| 0.192577913789565| 0.162063367400417| 0.142541970522819| 0.12740605193895,0.372526344156017,0.0787309904167497,0.00433725337963448,0.0552009322819588,0.0654790677180412,0.00233489430747909,0.0581741135611207,0.0625058864388793,0.000984053177394777,0.993062057989753,0.99889815560238
MYH6_MOUSE,HHMFVLEQEEYKK,4,0.935371895003638,0.978546245410294,7,0.07276,0.00533619629724269,33490957.1428571,430.2146,0.0122917568927527,2,1,2,1| 3| 6| 13| 24,NaN,-0.0630195570823502|-0.0390550505031267|,0.357747858724457| 0.321146651565226| NaN| 0.316945768428774| 0.284548656821036| NaN| 0.239322336780628| 0.209641256811072| NaN| NaN| 0.146120993020837| NaN,0.357747858724457,0.110205904796747,0.00763798588655408,0.0550627896876329,0.0904572103123671,0.00723246744873014,0.0617631145444361,0.0837568854555639,0.00449418946212102,0.982614342643161,0.989302119572956
MYH6_MOUSE,NKDPLNETVVGLYQK,3,0.963205646937604,0.989098484499222,11,0.05815,0.00349644539890088,2250135363.63636,573.30884,0.01290993796865,6,2,1,1| 2| 3| 6| 7| 9| 13| 24| 31,NaN,-0.0251327355979676|-0.0231371196499566|-0.037375787470588|-0.0348170957827027|-0.00288670511380171|,0.389800799464906| 0.375118301941997| 0.341691867169576| 0.348305321525286| 0.312564679586606| 0.305938758404602| 0.284884672395133| 0.252637767265151| NaN| 0.211508106460571| 0.191422097908571| 0.185476479379835,0.389800799464906,0.138304148895446,0.00689015824394246,0.0503173010651092,0.0659826989348908,0.00351535494754156,0.0539696131329514,0.0623303868670486,0.00187617879582423,0.995153902153059,0.995877531222926
MYH6_MOUSE,NKDPLNETVVGLYQK,2,0.968639941584693,0.992352522897972,10,0.05715,0.00285401236985237,310368810,859.45959,0.00986534997701368,4,3,0,1| 2| 3| 6| 9| 13| 24,NaN,-0.00970458633605972|-0.0267038395957546|-0.0197669536741143|-0.0715951434265772|-0.0191246280962215|,0.383783449533547| 0.366497866801195| 0.358273102990685| 0.341128031347961| 0.312052566509574| 0.303985538396119| 0.269639991846331| 0.258691963553665| NaN| 0.214493875515817| 0.199838080755232| NaN,0.383783449533547,0.136169149526524,0.00483319114155875,0.0500821976369009,0.0642178023630991,0.00312436398326293,0.0536873717251581,0.0606126282748419,0.00153067538020407,0.991785312625012,0.996475575166537
MYH6_MOUSE,LQNEIEDLmVDVER,2,0.950265516339166,0.972552878832583,11,0.06008,0.00457024405005819,33896046.3636364,859.91687,0.0186336148515217,1,3,1,0| 6| 13| 16| 31,NaN,,0.405892426884066| 0.369754420161117| 0.336840280168488| 0.330449039864847| 0.290521421165594| NaN| 0.266814131936508| 0.220399871873284| 0.202275745545058| 0.186141372862843| 0.160482301886967| 0.150657716925719,0.405892426884066,0.103566481316422,0.0132762580962613,0.048924930863041,0.071235069136959,0.00500645151904128,0.0521321284719045,0.0680278715280955,0.00356704499061724,0.978926330173545,0.993241049205759
MYH6_MOUSE,LQNEIEDLmVDVER,3,0.915630194742797,0.960894272971436,11,0.05605,0.00490661085872728,27541026.3636364,573.61371,0.0225403196911298,1,5,1,1| 2| 7| 9| 13| 16| 21,NaN,0.0244421686557818|,0.395083936451311| 0.357148462805814| 0.353679080221073| 0.352153660740157| 0.300025183453116| 0.305318989984972| 0.277229632071022| 0.236564856641651| 0.196671848584737| 0.181255208709483| 0.142909703274778| NaN,0.395083936451311,0.100808614334138,0.0149108764090187,0.0446772401845844,0.0674227598154157,0.00510415219793977,0.0485266898446498,0.0635733101553502,0.00337649969650835,0.976145696027607,0.991042630062899
MYH6_MOUSE,VQLLHSQNTSLINQK,3,0.954552544323637,0.994446884497014,11,0.06066,0.00359760858336797,10396484181.8182,574.9881,0.015113839579691,7,3,0,1| 2| 3| 6| 7| 9| 13| 16| 21| 24,NaN,-0.0332702991392946|-0.0338863053427136|-0.023285156149015|-0.0232190887787536|-0.0229641460021721|-0.0180445629125836|,0.399716862084036| 0.384407077932345| 0.361858586097242| 0.343954336352547| 0.303811060257853| 0.297193235372543| 0.287592244794293| 0.238755307094578| 0.227838544987111| 0.19044591650757| 0.175244847843637| NaN,0.399716862084036,0.112065134475292,0.00521652012148933,0.0524286329196533,0.0688913670803467,0.00369427923011715,0.057818955421249,0.063501044578751,0.00127507519427437,0.994877599208772,0.997491979588332
MYH6_MOUSE,VQLLHSQNTSLINQK,2,0.994116502388984,0.9966522252798,12,0.06269,0.00149595611065455,946549475,861.97845,0.00602477118337455,1,3,1,2| 7| 16| 24| 31,0.0629758709046013,-0.00915234657675843|0.0268620915063429|-0.00232923084726587|-0.000178537292960702|,0.376377177527728| 0.359923307292866| 0.343463540497721| 0.339233948956477| 0.296634233812356| 0.281368567435783| 0.259951148934654| 0.230428729756614| 0.195248595619403| 0.177555694467966| 0.162568371599293| 0.142578703256199,0.376377177527728,0.105521590440706,0.00452964034469874,0.0592853644198959,0.0660946355801041,0.00154686894027849,0.0601302721342857,0.0652497278657143,0.00116299187912432,0.997377520835218,0.998598658889738
MYH6_MOUSE,ILNPAAIPEGQFIDSR,2,0.978612656541398,0.991739389062774,12,0.05186,0.00214846976709721,7984497333.33333,870.96759,0.0115786323885812,0,5,2,6| 7| 9| 16| 21| 24| 31,0.0521755814470137,-0.01247697600525|-0.0288170155325929|,0.372175048070351| 0.357819226233197| 0.337861729987253| 0.325513172071495| 0.279269021004139| 0.280283969577668| 0.255967325728987| 0.222138333193868| 0.197562378159597| 0.165044989665311| 0.157331534686322| 0.148318155734153,0.372175048070351,0.0682922334251302,0.00697292329820311,0.0470176633324695,0.0567023366675305,0.00220007692839346,0.0489438315758202,0.0547761684241798,0.0013249377955002,0.990937926861989,0.996623682005267
MYH6_MOUSE,ILNPAAIPEGQFIDSR,3,0.986577266416883,0.996055213625071,12,0.05496,0.00181949580467362,2589136416.66667,580.98083,0.0092734359625608,2,4,0,1| 2| 6| 13| 16| 24,0.0544353049068819,-0.00653026632004749|-0.0423277780290342|-0.0224839710027245|-0.070109797967498|,0.370752351699485| 0.341467707896698| 0.336580508557065| 0.328379585964412| 0.280283441669878| 0.280646842398186| 0.251034400670235| 0.218058914786787| 0.195404109140645| 0.164784562445077| 0.153324499357497| 0.124007024566585,0.370752351699485,0.0680311758578483,0.00495744425415736,0.0508532860803791,0.0590667139196209,0.00186585261752939,0.0527646103508466,0.0571553896491534,0.000997457724970501,0.995557565157094,0.99843609124198
MYH6_MOUSE,VRELENELEAEQKR,4,0.891219276573036,0.980196959160722,11,0.05127,0.00519284855541805,46072720.3636364,436.48123,0.0269288505061578,1,6,1,0| 1| 2| 6| 9| 13| 16| 31,NaN,0.050522084694405|-0.0496528348797636|-0.00280739330471964|,0.38782103244711| 0.350980380167708| 0.340358286409215| 0.330071258940975| 0.298136040325312| 0.285769926176637| 0.257735929613118| 0.21179549230736| 0.202204945619382| NaN| 0.147325875348572| 0.0952133926913819,0.38782103244711,0.0647657869486895,0.0117327775694096,0.0385952754078399,0.0639447245921601,0.00568848058302116,0.045747680198071,0.056792319801929,0.00247844509267972,0.950458866772256,0.995108084569497
MYH6_MOUSE,VRELENELEAEQKR,3,0.958375886889123,0.985871767998805,9,0.05778,0.00332129669357977,55444634.4444444,581.63922,0.0133966097912849,2,2,2,2| 6| 7| 9| 13| 21,NaN,-0.00130257242593225|-0.0470251368330374|,0.388372503986063| 0.372632727987759| 0.348245936261409| 0.340701750508632| 0.275103181200159| 0.294734900443757| 0.261886225867687| 0.222393284210344| NaN| 0.157164020461704| NaN| NaN,0.388372503986063,0.0648578822328847,0.00731330408830592,0.0484941600843327,0.0670658399156673,0.00402680974169444,0.0527107942773117,0.0628492057226883,0.00219826393435166,0.98071347218049,0.992925332589428
MYH6_MOUSE,LELDDVTSNMEQIIK,3,0.991797508281739,0.996170333233025,10,0.06986,0.00182079439447107,175148800,583.29761,0.0054661040594495,0,6,1,1| 2| 7| 9| 13| 16| 24,NaN,-0.00886928831246046|-0.0160271885190037|0.000161272809053732|0.00601252514585461|-0.0529896399335814|-0.0379009309790832|,0.364287329863312| 0.344563406962315| 0.328168593256543| 0.316433492442456| 0.277428145288792| 0.274183309306105| 0.25093380782806| 0.21762199052132| 0.201052138606127| NaN| 0.161599326744364| NaN,0.364287329863312,0.11222041953436,0.00355238084462929,0.0651985559848051,0.0745214440151949,0.00206061899341019,0.0668305618027408,0.0728894381972592,0.00133918113534905,0.99653267802542,0.999155319933096
MYH6_MOUSE,LELDDVTSNMEQIIK,2,0.986996738774962,0.997564455101053,12,0.06643,0.00238917742591448,2852108500,874.44275,0.00863516835078497,2,6,0,1| 2| 6| 9| 13| 16| 24| 31,0.0684702687292123,-0.0147125416693469|-0.0362178082812684|-0.0219383738080643|-0.0204409329786395|-0.0368242910595269|,0.372054461639616| 0.354346785729373| 0.340804775179734| 0.325906871338281| 0.279779983394787| 0.278067929815445| 0.256074956387729| 0.222673114283014| 0.196976805615712| 0.180803826381411| 0.163697893540925| 0.140884592007287,0.372054461639616,0.114613120885907,0.00371934918488167,0.0612175365868474,0.0716424634131526,0.00236824105442066,0.0641848820405832,0.0686751179594168,0.00102005138493473,0.997063144581406,0.999159407776282
MYH6_MOUSE,TEcFVPDDKEEYVK,3,0.977596691541256,0.993326439770659,9,0.06908,0.00330300246538652,3162703111.11111,586.93457,0.00891740841154366,2,3,0,6| 9| 13| 16| 21,NaN,-0.0203505387262033|-0.0317447168895841|-0.0231758048240745|,0.368036553469274| 0.353203680770957| 0.332804845769546| 0.328384250725085| 0.282047302444032| NaN| 0.258567314389004| 0.222021363969771| 0.217252809524172| 0.193655882027309| NaN| NaN,0.368036553469274,0.130582036670666,0.0043041869450314,0.0600965804623338,0.0780634195376662,0.00389566497339328,0.0647439513061094,0.0734160486938906,0.00188032997333503,0.997575496288264,0.997188631609794
MYH6_MOUSE,TEcFVPDDKEEYVK,2,0.993720616596317,0.997568657925156,9,0.06749,0.00145669421673937,301670011.111111,879.89819,0.0037663253934397,1,2,0,2| 3| 7,NaN,-0.0476497535883222|0.0163060554290793|0.0193139151749557|,0.359629616742109| 0.343383084553437| 0.335821443343643| 0.317133647425403| 0.278804446944581| 0.270365231237843| 0.257371825633025| 0.221386903191999| NaN| 0.182361707637214| NaN| NaN,0.359629616742109,0.127599194587057,0.00238992245378453,0.0633970790245556,0.0715829209754444,0.0017748975004509,0.0648928362610893,0.0700871637389107,0.00112626152718569,0.996961292218069,0.998909733245253
MYH6_MOUSE,YAGTVDYNIMGWLEK,2,0.743466182549983,0.927123525351266,12,0.04481,0.00651173480337057,94785583.3333333,880.42163,0.0280712165046558,5,0,5,1| 2| 6| 7| 9| 13| 16| 21| 24| 31,0.0469849457574528,-0.0283710901289306|,0.352324434259634| 0.34526385107306| 0.319694441950202| 0.319892114919483| 0.288167135587469| 0.291367366521067| 0.265526922755229| 0.233637512820825| 0.275367802080388| 0.220680706634737| 0.208688263749109| 0.188096883016839,0.352324434259634,0.137355173062053,0.0139545610828874,0.0309065338358195,0.0587134661641805,0.00631692863026653,0.0378984089822137,0.0517215910177863,0.0031402260893351,0.868948446285753,0.966776941338301
MYH6_MOUSE,LELDDVTSNmEQIIK,2,0.381116954250148,0.93632210783313,10,0.04036,0.0076008814928359,170791950,882.44019,0.037994840018769,3,1,4,2| 3| 7| 9| 13| 16| 24| 31,NaN,-0.00736722509539413|-0.0329107546817745|0.00649964620972508|,0.365385533009848| NaN| 0.344919122477955| 0.33696534744827| 0.308543725506434| 0.304051595702829| 0.280488209034837| 0.265988428064985| 0.242863410183555| NaN| 0.226957804606343| 0.21762199052132,0.365385533009848,0.112558726161397,0.0111774949808972,0.0208971437010914,0.0598228562989086,0.00860367114242125,0.0346343283433353,0.0460856716566647,0.0025310671387009,0.730658810176627,0.987293229336754
MYH6_MOUSE,MLTFLHEPAVLYNLK,3,0.68781586048183,0.944800374962092,8,0.05939,0.0167268254153607,17139480.625,596.99542,0.0373116509519124,2,2,0,0| 2| 3| 16,NaN,,0.315992719395891| 0.296949024854825| 0.314154322270992| 0.300668293248021| 0.264197273713884| NaN| 0.22548845521089| 0.212897802392893| 0.185725837975396| NaN| NaN| NaN,0.315992719395891,0.123191100129566,0.00906606562023789,0.00760341579195134,0.111176584208049,0.0219005553149148,0.0468067838007693,0.0719732161992307,0.00532144428185616,0.928525841472563,0.977609172424079
MYH6_MOUSE,QKYEESQSELESSQK,3,0.99149449971389,0.99624429845938,9,0.06229,0.00163558646526247,1070290433.33333,600.61462,0.00622902338158372,0,3,0,1| 2| 16,NaN,-0.0153884332179238|-0.0133350865334544|,0.377898267327179| 0.36078722313411| 0.337704028894365| 0.328887876759217| 0.272934377193615| 0.272920624202001| 0.23730199599516| NaN| 0.18218317260453| 0.146068004743507| NaN| NaN,0.377898267327179,0.05743536893134,0.00400531716340739,0.0577070630206018,0.0668729369793982,0.00198739321825644,0.0593431309616419,0.0652368690383581,0.00127791142846828,0.996261343355833,0.998408120232115
MYH6_MOUSE,QKYEESQSELESSQK,2,0.991693776838946,0.994551674778181,10,0.06389,0.00187200239907192,118199665,900.41827,0.00752298896030491,0,2,0,6| 16,NaN,,0.38176719176975| 0.356655037767898| 0.332432882496454| 0.32726164512676| 0.279880393989817| 0.267661722830338| 0.231264345548662| NaN| 0.185174483618655| 0.151323060054475| NaN| 0.0995651565724286,0.38176719176975,0.0580233925396465,0.0059643801344312,0.0590739425350113,0.0687060574649887,0.00212896678654967,0.0600717307426577,0.0677082692573423,0.00168788858731038,0.996931708490976,0.997750861568789
MYH6_MOUSE,RSEAPPHIFSISDNAY,3,-2.04049884236001,-5.86899678388918,4,0.03598,0.0248993287802151,56700617.5,601.96021,0.0868264550012301,0,3,1,0| 1| 9| 31,NaN,,0.333975635836286| 0.318461706834242| NaN| NaN| NaN| NaN| 0.280485181547272| NaN| NaN| NaN| NaN| 0.278404491115809,0.333975635836286,0.0584633855371884,0.0363655337553943,0,0.185253883293439,0.0469053894354723,0,0.110285663097885,0.0233485991519088,-0.685186154225268,0.855567415691336
MYH6_MOUSE,LEEAGGATSVQIEMNKK,3,0.755476934475972,0.883681798008682,5,0.02697,0.00588783769784167,20061184,602.30847,0.0287112408780753,3,2,0,0| 3| 7| 16| 21,NaN,,0.36388323864406| NaN| NaN| 0.338729429089373| NaN| 0.317452826032522| NaN| NaN| 0.234932766986414| 0.251534420287862| NaN| NaN,0.36388323864406,0.0667707284564523,0.0109897561578253,0,0.0642686557008226,0.013433961158451,0.0161321872811279,0.0378078127188721,0.00390348532332448,0.990178456915655,0.963428201829198
MYH6_MOUSE,KAPGVMDNPLVMHQLR,3,0.990120020126895,0.996279076757906,12,0.05304,0.00157165195893626,987115450,602.65527,0.00683529752397243,2,3,0,1| 7| 9| 16| 24,0.052030755416745,0.00231177640112892|0.00397369251152626|-0.00765240888148912|,0.330658895287341| 0.317447725955441| 0.302036627731423| 0.298059189683116| 0.261446275452465| 0.260346257644767| 0.236310178080477| 0.210141147903422| 0.196431696112349| 0.15929985545745| 0.148531868023459| 0.128660934297917,0.330658895287341,0.0804884559630732,0.00402746062798384,0.0494943040870137,0.0565856959129863,0.00161095857410476,0.0509508223689938,0.0551291776310062,0.00094920114417335,0.996015015855353,0.998314110731132
MYH6_MOUSE,QREEQAEPDGTEDADK,2,0.944731576340243,0.985798550790678,9,0.05082,0.00390816743807644,7902278.33333333,909.39282,0.0186464378830519,1,6,0,1| 2| 3| 6| 7| 9| 31,NaN,-0.0344289763050116|-0.0721341865024139|,0.403474157479398| 0.388820709521771| 0.361183280144352| 0.380750007331931| 0.303762910483864| 0.306584622897459| 0.27691149290667| NaN| 0.206098886823645| NaN| NaN| 0.114949343142144,0.403474157479398,0.0462264896215662,0.00925075157798833,0.0399907957768973,0.0616492042231026,0.00469609054823496,0.0454474844190869,0.0561925155809131,0.00232979442625587,0.980023050175019,0.993793492696185
MYH6_MOUSE,QREEQAEPDGTEDADK,3,0.983972344817291,0.987798804051653,6,0.05895,0.00163973600279071,48613971.6666667,606.59766,0.00397469787287112,0,0,2,1| 3,NaN,0.001295038067253|0.00937098320371431|,0.388798673088322| 0.374778573119594| 0.344039786287626| 0.337737484885236| 0.27966985312369| 0.270551637822238| NaN| NaN| NaN| NaN| NaN| NaN,0.388798673088322,0.0445451028107388,0.00345588271670306,0.052449762787013,0.0654502372129871,0.00252870269488362,0.0532982352225667,0.0646017647774333,0.00219863250451693,0.993085543623377,0.995087485469028
MYH6_MOUSE,RQAEEAEEQANTNLSK,2,0.925855841133562,0.949163247125808,9,0.05497,0.00458041430020297,3203313.55555556,909.43481,0.0210216645573115,3,3,0,0| 1| 2| 3| 13| 21,NaN,-0.0516911658025183|,0.38318006393587| 0.361725331719155| 0.347216552161306| 0.314338950859367| NaN| 0.28970828566437| 0.266218691949578| 0.240141444383951| 0.165666335468936| 0.157047732948877| NaN| NaN,0.38318006393587,0.043901372418448,0.0149958299996635,0.0420336882461835,0.0679063117538165,0.00560983892302229,0.0457418662642531,0.0641981337357469,0.00400178542406998,0.979627673037404,0.98225003711353
MYH6_MOUSE,RQAEEAEEQANTNLSK,3,0.987171430510908,0.993422323124364,9,0.06232,0.00204676770908743,30097936.6666667,606.62561,0.00885940850827606,1,1,1,2| 6| 9,NaN,-0.00575962871268727|-0.0839356882535044|,0.383549470897788| 0.364444789542381| 0.34421300751573| NaN| 0.289003469132548| 0.259757826625625| 0.246926709992486| 0.184272482230173| NaN| 0.146244507668169| 0.114467551036345| NaN,0.383549470897788,0.0439436957910225,0.00637428625350811,0.0565868828519983,0.0680531171480017,0.00248616950017596,0.0581950598539259,0.0664449401460741,0.00178878263193967,0.994996364511566,0.996844291435385
MYH6_MOUSE,KAPGVmDNPLVMHQLR,3,0.823494729354323,0.957055144791076,9,0.03512,0.0062454524941514,50728430,607.98694,0.0304127984299605,0,5,0,0| 1| 2| 3| 6,NaN,0.0710528305057358|,0.347495956329834| 0.324441341957359| 0.310845687629751| 0.311914230276046| 0.268330184161806| NaN| NaN| 0.237522386780258| 0.203163107389452| 0.177047255387915| NaN| 0.145918818618917,0.347495956329834,0.0845869062560515,0.0120790646415063,0.0174811762576994,0.0527588237423006,0.00764908591173174,0.0281143805508706,0.0421256194491294,0.0030379908441843,0.991568114613622,0.993740141812172
MYH6_MOUSE,KAPGVMDNPLVmHQLR,4,-0.015199934972256,0.234500457824761,7,0.01523,0.00912080781506409,24526290.2857143,456.242,0.0469498833401625,2,2,1,0| 2| 6| 9| 13,NaN,0.0564237786602129|,0.326394670868361| 0.333172687963786| 0.312743391235767| NaN| 0.405857860015375| NaN| 0.280752540885615| 0.280363420947507| NaN| 0.256365515720178| NaN| NaN,0.326394670868361,0.0794504653199801,0.0304327761111847,0,0.0485087863682809,0.0136003208920244,0,0.0382398261525723,0.00940361874623389,0.592699136742847,0.597318761900814
MYH6_MOUSE,DLEEATLQHEATAAALR,2,0.992723955538088,0.995653741845477,12,0.05902,0.00154249127984696,648624108.333333,919.96576,0.00771920398072619,0,1,2,1| 3| 7,0.0609264342063249,0.000717589342485769|0.0863314037917134|,0.358676412405938| 0.342858095913994| 0.322167902595497| 0.302035727242362| 0.258597338966303| 0.240799775141455| 0.235976396321402| 0.18778007106246| 0.151902938097576| 0.133269628212282| 0.117650343216045| 0.0893476060259094,0.358676412405938,0.0410939614055215,0.0058212861959685,0.0554815828568032,0.0625584171431968,0.00160765152327778,0.0563515721513902,0.0616884278486099,0.00121237884680231,0.996919703610683,0.998195413645937
MYH6_MOUSE,DLEEATLQHEATAAALR,3,0.97556289997643,0.994594625903765,12,0.05577,0.00249803668132683,4581042291.66667,613.64624,0.0137251175936637,1,6,1,1| 2| 6| 13| 16| 21| 24| 31,0.0540748091912641,-0.0259407758188204|-0.0243233825971744|-0.0710941332236334|,0.373530922106746| 0.352656555764754| 0.332514518856169| 0.321314915959169| 0.285811093038619| 0.265894303518041| 0.236751372902516| 0.212408397778291| 0.179594764841576| 0.150340975870036| 0.130588700517591| 0.116636093865617,0.373530922106746,0.0427958593481498,0.00628178537460062,0.0501192626313442,0.0614207373686558,0.0025673673201105,0.0531837402382244,0.0583562597617757,0.00117504643385665,0.991111366225166,0.998489024545057
MYH6_MOUSE,FNHHMFVLEQEEYK,4,0.984725622289283,0.994637994710983,6,0.06143,0.00266924753873369,15719091.8333333,463.46872,0.00620744126113429,0,2,2,1| 6| 9| 31,NaN,-0.00638866103332414|0.00798560588923549|,0.322433339190027| 0.308505744477384| NaN| NaN| 0.254816751199249| NaN| 0.230988869762566| 0.186429592952773| NaN| NaN| NaN| 0.120610308691476,0.322433339190027,0.0903978264195701,0.00359160079967981,0.0510164775288901,0.0718435224711099,0.00405103713497036,0.0554047773581207,0.0674552226418793,0.00234391395768657,0.993439792226271,0.997729411200914
MYH6_MOUSE,FNHHMFVLEQEEYK,3,0.85260832447201,0.85260832447201,3,0.07777,0.010365604621147,33755890,617.6225,0.0117603173844687,0,0,0,,NaN,,0.329396107246019| NaN| 0.267684989778674| NaN| NaN| NaN| 0.180074882519742| NaN| NaN| NaN| NaN| NaN,0.329396107246019,0.0923499170430348,0.0117603173844687,0,0.22684907088434,0.0346481764269727,0,0.22684907088434,0.0346481764269727,0.989896222021559,0.989896222021559
MYH6_MOUSE,TVTIKEDQVMQQNPPK,3,0.959504188398736,0.980876327085929,5,0.05169,0.00316810740661267,319737960,619.32428,0.00970835232955263,1,2,0,7| 16| 21,NaN,-0.0140916943948729|,0.361348297231226| NaN| NaN| 0.313116289500586| NaN| 0.280524216991804| NaN| NaN| 0.194319015232013| 0.170576371289117| NaN| NaN,0.361348297231226,0.0922007142661174,0.00640539945511149,0.0373264323347115,0.0660535676652885,0.00517336634488981,0.0422131716594555,0.0611668283405445,0.00341329577273143,0.995986632297207,0.99785972324716
MYH6_MOUSE,TVTIKEDQVMQQNPPK,2,0.980241654729639,0.982931016504252,7,0.05486,0.0021114272185207,9764289.14285714,928.48273,0.00687298751734705,1,1,0,7| 24,NaN,-0.0365541788531246|,0.351693862326538| 0.327811486454777| NaN| NaN| 0.28571698142595| 0.269834329014022| 0.235245833118488| 0.210513981587711| NaN| NaN| 0.151893905088595| NaN,0.351693862326538,0.0897373131628922,0.00636586342952515,0.0478268168186054,0.0618931831813946,0.00287430999138017,0.0483457609599045,0.0613742390400955,0.00266222873431153,0.99501306386554,0.994296951129855
MYH6_MOUSE,LEQQVDDLEGSLEQEK,3,0.988884560917676,0.995968928041594,10,0.07147,0.00238108356493555,271251470,620.63379,0.00807116788163807,0,2,1,1| 2| 31,NaN,-0.0274843661487062|,0.360488047899663| 0.329618250718767| 0.318569834976107| 0.298129865164607| 0.261384224669757| 0.246508059238507| 0.225705816002623| 0.179072609723544| NaN| 0.127297162477595| NaN| 0.0930500370670666,0.360488047899663,0.0574315148493362,0.00487181294445019,0.0652823425331944,0.0776576574668056,0.00273529070804105,0.0677350870128488,0.0752049129871512,0.00165104045333823,0.995308376199644,0.998576364754374
MYH6_MOUSE,LEQQVDDLEGSLEQEK,2,0.985846829559178,0.995808904528869,11,0.0685,0.00271786728183309,263630124.545455,930.44708,0.0105308671350619,1,3,3,1| 2| 3| 7| 21| 24| 31,NaN,0.010937937808365|0.043563695336822|,0.368256700830914| 0.333251925637558| 0.323057015409666| 0.312706238030832| 0.263282673535932| 0.246176797643523| 0.226935270277031| 0.1822026326065| NaN| 0.137939984678315| 0.12282180749833| 0.0893661046125142,0.368256700830914,0.0586691855815005,0.00554874562226751,0.0619869678808183,0.0750130321191817,0.00292308179772795,0.0650682637530699,0.0719317362469301,0.00154018060627422,0.994926473429227,0.998404242720396
MYH6_MOUSE,AMLTFLHEPAVLYNLK,3,0.8723623808922,0.944751408810491,12,0.04831,0.00668530439118696,44781696.6666667,620.67444,0.0262675017133316,2,3,5,0| 1| 2| 3| 6| 7| 9| 16| 24| 31,0.0505430843860159,0.0373242975650402|0.041925137651316|-0.0629729194108327|,0.316061647264179| 0.335703628254071| 0.30115034515088| 0.295482246447611| 0.256318400626984| 0.253236851024665| 0.23207203512428| 0.213675262323255| 0.199062631916134| 0.18697334585291| 0.169716761482707| 0.126407430857821,0.316061647264179,0.102059751812791,0.0144397150631737,0.0329414611027715,0.0636785388972285,0.00698257270660896,0.0398616395493123,0.0567583604506877,0.00383844498771477,0.986872564675339,0.986807706457559
MYH6_MOUSE,NAYEESLEHLETFKR,4,0.971505452802319,0.982778864814515,7,0.05879,0.00284603046585257,1471812642.85714,467.23114,0.0078110068825513,1,2,1,1| 2| 7| 9,NaN,-0.00835367859316893|-0.0252063374091387|-0.0146442609818336|,0.352729707088764| 0.325266519302424| 0.306072406533049| 0.301695087773271| NaN| 0.259597266088393| 0.234899197685095| NaN| NaN| 0.158407004851519| NaN| NaN,0.352729707088764,0.074547101498083,0.00606824039306702,0.0491606476508188,0.0684193523491812,0.00393530823155432,0.0513091174757626,0.0662708825242374,0.0030572750387959,0.994647447428416,0.996351916188129
MYH6_MOUSE,NAYEESLEHLETFKR,3,0.444633906612903,0.673643854004308,11,0.06353,0.0142148804347715,849485705.727273,622.6391,0.0548087387198837,0,4,1,1| 6| 13| 16| 31,NaN,0.0120652812671756|-0.0314124369944968|-0.0761723959537894|,0.349873926638493| 0.336226959011309| 0.318411662993531| 0.305998272110413| 0.263074319799816| NaN| 0.232264108904562| 0.178454706209948| 0.177855099818078| 0.15315741339102| 0.139944123203007| 0.247773341826432,0.349873926638493,0.0739435511001319,0.0394863440689046,0.0296944543789625,0.0973655456210375,0.0151855642212732,0.0391535588091227,0.0879064411908773,0.0109402702511764,0.758298054141599,0.878133975986549
MYH6_MOUSE,NAYEESLEHLETFKR,2,0.093246862665275,0.291600154068098,11,0.00847,0.00803806869571486,119644059.090909,933.45502,0.0817277371576403,3,1,6,0| 1| 2| 3| 6| 7| 9| 16| 24| 31,NaN,,0.405576901443902| 0.40402426831458| 0.351048583610456| 0.315681632540048| 0.309518398478258| 0.347462883859601| 0.307476309991732| 0.341307320624922| 0.308955996121914| NaN| 0.303818037131935| 0.284368587167258,0.33953,0.0717574303013686,0.0309145332640292,0,0.0293014936484171,0.00934927984215504,0.00104873726135982,0.0158912627386402,0.00333070029911068,0.925307144252517,0.722028413713384
MYH6_MOUSE,KLELDDVTSNMEQIIK,3,0.958034776647094,0.97809711575624,11,0.06264,0.00371822488200967,358992554.545455,625.99591,0.0133295491567577,4,2,0,1| 2| 3| 6| 7| 13,NaN,-0.0105215584147712|-0.0185365723082103|-0.0103089806632335|,0.35751210910014| 0.336160701761709| 0.323831920753465| 0.30782989281263| 0.280204951923402| 0.260920625953088| 0.238004779071076| 0.202564117116773| 0.175436017316685| 0.164108442511019| 0.149036299979272| NaN,0.35751210910014,0.105066360970873,0.00994123832851204,0.0542503588825006,0.0710296411174994,0.00376531341950666,0.0563829675333421,0.0688970324666579,0.00280818785726773,0.996727363783668,0.997765074221146
MYH6_MOUSE,KLELDDVTSNMEQIIK,2,0.968975690877996,0.990440770954036,12,0.05475,0.00303240253880919,40653399.1666667,938.49023,0.0121719775814525,1,2,3,1| 2| 3| 6| 7| 16,0.0569979509316068,0.0593036904777679|0.0212919221570716|0.0361534386273143|,0.336463483569879| 0.324720927997178| 0.303221108858694| 0.301210042385104| 0.272813746645541| 0.26298264919052| 0.250122118949542| 0.21123111664494| 0.181185061010476| 0.174364707753595| 0.163033676259563| 0.133853883232884,0.336463483569879,0.0988805495490737,0.00641229994231921,0.0479071215970923,0.0615928784029077,0.00310900706243477,0.0511451142290038,0.0583548857709962,0.00163785101259952,0.98674061973011,0.99608919798831
MYH6_MOUSE,HADSVAELGEQIDNLQR,3,0.99161061930933,0.996807385749913,11,0.05982,0.00171754082483506,3083058181.81818,632.31329,0.00775901952441353,1,5,0,1| 2| 6| 9| 13| 31,NaN,-0.0212723541538288|-0.0199181835195187|-0.0847003294277024|-0.101632421730781|,0.364119626229061| 0.346106367091903| 0.321488205106234| 0.309626245686083| 0.269631007034863| 0.252663481494051| 0.24090832705333| 0.202460769507712| NaN| 0.139282526452788| 0.118154636863292| 0.102069451660037,0.364119626229061,0.0480489543850579,0.00474290655174515,0.0557038414728205,0.0639361585271795,0.00184735279163231,0.057303888887616,0.062336111112384,0.00112924340907363,0.998439108396527,0.998573647246433
MYH6_MOUSE,HADSVAELGEQIDNLQR,2,0.998736684376579,0.99914120999639,11,0.06,0.000676890189153713,333802281.818182,947.96631,0.00297559612167895,0,1,1,1| 2,NaN,-0.00474667030135748|-0.0156202014002335|,0.355340628294457| 0.3363152339745| 0.3201674896457| 0.303700657329111| 0.261030072717464| 0.254715817740665| 0.222458730625887| 0.186109313320335| NaN| 0.132139904720741| 0.117665898829391| 0.0915901119561232,0.355340628294457,0.0468904843633378,0.00246996527507084,0.0583605228821337,0.0616394771178663,0.000735805632972776,0.0586391125055916,0.0613608874944084,0.00061077319915944,0.999569922176443,0.999715817645009
MYH6_MOUSE,PMGIMSILEEEcMFPK,2,0.981080592042445,0.993258190133773,7,0.05176,0.0021982773224505,120396672.857143,956.43976,0.00556160158527536,1,3,1,1| 2| 6| 9| 24,NaN,-0.00163015491536645|-0.00928815702707661|-0.0111309317246713|-0.00741443574779174|,0.296537356277227| 0.279072186958882| 0.267008997716336| NaN| 0.232749632010054| 0.229142167578079| 0.210624289158686| NaN| NaN| NaN| 0.135977077833619| NaN,0.296537356277227,0.0721826458694986,0.00310745210023233,0.0443024075550951,0.0592175924449049,0.00304775688663082,0.0475931946382223,0.0559268053617777,0.00170288331394195,0.996989298578262,0.998549404483527
MYH6_MOUSE,DTQLQLDDAVHANDDLK,3,0.980431064010387,0.995840621283785,11,0.07831,0.00373980158502604,628579736.363636,637.64117,0.0118188747535206,3,3,0,1| 2| 3| 6| 16| 31,NaN,-0.0182007591554733|-0.0404634018508659|,0.365577709512148| 0.333154092148612| 0.315815969022477| 0.306728876522117| 0.251041411736154| 0.238182574861071| NaN| 0.177177384667891| 0.169014269058903| 0.132939841408044| 0.120941900230567| 0.101853232830686,0.365577709512148,0.0772624422291166,0.00549142821440638,0.069649797862775,0.086970202137225,0.00388674257530726,0.0742861923744345,0.0823338076255655,0.00180590523931383,0.996564217994235,0.998617624883661
MYH6_MOUSE,LMATLFSTYASADTGDSGK,2,0.992569759697539,0.997237839950349,12,0.05341,0.00138064607119816,865122083.333333,968.45386,0.0060248535430299,2,2,1,1| 2| 16| 24| 31,0.0545300191264632,0.000448735797238655|-0.0459249101500184|,0.328972969291859| 0.31699585969938| 0.308562287848409| 0.293856027927926| 0.258394564355804| 0.253242962934245| 0.230944395549924| 0.200982241896296| 0.178212333349484| 0.157316617242185| 0.138709876348591| 0.128083005125355,0.328972969291859,0.0763939055532798,0.00360278380959162,0.0503128547969132,0.0565071452030868,0.00140716314726437,0.051557947578486,0.055262052421514,0.000841465202134774,0.998291814922524,0.998926900697806
MYH6_MOUSE,LMATLFSTYASADTGDSGK,3,0.988081135998817,0.994974056957282,12,0.05504,0.00183333486779763,342786591.666667,645.97168,0.00787066770254928,1,5,1,1| 2| 6| 9| 16| 24| 31,0.0583269815949219,0.0130803316794351|-0.0226232662595521|-0.0165241443457403|-0.00328271144094479|,0.332553303915193| 0.323179906355671| 0.306513008630161| 0.293730250436297| 0.255743510844943| 0.249690721567366| 0.227076915374943| 0.198392464254739| 0.171036706163799| 0.157096427944009| 0.137390655954492| 0.122086060808933,0.332553303915193,0.0772253287113978,0.00502003084450075,0.0509642053720144,0.0591157946279856,0.00185180468471523,0.0524403965709655,0.0576396034290345,0.00118110902233243,0.997197222542048,0.998761137287157
MYH6_MOUSE,IFSISDNAYQYMLTDR,2,-0.0227953088651118,0.165761015878966,7,0.01027,0.00966562654466122,4827371.57142857,968.95911,0.0655220220005828,4,1,2,0| 2| 6| 9| 16| 21| 24,NaN,,0.286265514439866| NaN| 0.35198671012017| NaN| 0.310675028231276| NaN| 0.272169207823581| NaN| 0.278588683470268| 0.282414253343817| 0.280983120317683| NaN,0.286265514439866,0.0802577684716183,0.0181037355632354,0,0.0469900111610371,0.0150066751059414,0.00102846230230199,0.019511537697698,0.00377681676349324,0.758682039560668,0.538549192483706
MYH6_MOUSE,SEAPPHIFSISDNAYQY,3,0.969394218014322,0.995858639423885,4,0.05481,0.001873798609187,296960150,646.9671,0.0044897784115019,0,1,0,6,NaN,,0.339942978244894| NaN| NaN| NaN| 0.259893228117655| 0.24649910636416| 0.225159961767016| NaN| NaN| NaN| NaN| NaN,0.339942978244894,0.056770192077487,0.00161301322837704,0.0431127857265242,0.0665072142734758,0.0036755417538713,0.0506076185840393,0.0590123814159607,0.00132048776733801,0.993844868240419,0.999713388939872
MYH6_MOUSE,SEAPPHIFSISDNAYQY,2,0.992800378206563,0.998710381898273,11,0.05588,0.00129364280945854,1948672727.27273,969.94702,0.00543125335685942,0,3,2,1| 2| 3| 7| 16,NaN,-0.0166314350455285|-0.0140433528700554|0.00410813250037135|0.0311308364079339|,0.32205763987338| 0.307530901551443| 0.292227008676135| 0.285852669169703| 0.243169305106248| 0.23438601597712| 0.219090500506714| 0.182287372220254| 0.162592501007339| 0.139994396494505| 0.121909365228115| NaN,0.32205763987338,0.0537833555793076,0.00227976206348639,0.0527414054568713,0.0590185945431287,0.00140861712510956,0.0545625787158219,0.0571974212841781,0.000591265343890887,0.996524490670111,0.999364842445144
MYH6_MOUSE,LmATLFSTYASADTGDSGK,3,-2.21632742831513,-1.69562662892494,6,6.21385,152.649180640044,3463758.83333333,651.30328,0.0748245585872161,1,1,2,0| 2| 3| 16,NaN,,0.172667377903102| 0.0743142687474179| 0.0621395954373552| 0.0834686230205809| NaN| 0.0719294692400725| NaN| NaN| 0.121307600917681| NaN| NaN| NaN,0.31897,0.0740710220258594,0.0446010986947548,3.52348649953549,8.90421350046451,1.04659710267941,4.36443003646978,8.06326996353022,0.719455781768522,0.0632396149882856,0.87321052461864
MYH6_MOUSE,LmATLFSTYASADTGDSGK,2,0.632994653071024,0.907105206537347,10,6.25527,84.5834657431238,40742650,976.45129,0.0397783173247451,0,4,4,2| 3| 6| 7| 9| 13| 16| 31,NaN,,0.268179416373519| 0.073023577136978| 0.0621395954373552| 0.0647482218081155| 0.0813782515909556| 0.0652358612301153| 0.0652361854717134| 0.0798128533259019| 0.0868226088838512| NaN| NaN| 0.0652361854717134,0.31897,0.0740710220258594,0.0165690925716774,5.11582816047292,7.39471183952708,0.503697027951456,5.41669550164286,7.09384449835714,0.370696834086488,0.828563995110201,0.990740743882945
MYH6_MOUSE,NLQEEISDLTEQLGEGGK,3,0.98891121639742,0.995254590945369,12,0.0607,0.00198148728239437,1208155623.33333,653.98834,0.0089904896366639,1,5,0,1| 2| 9| 16| 24| 31,0.0598749114425996,-0.0233117700896045|-0.0201944461318165|-0.0772690451565911|,0.351801240750234| 0.333713008237046| 0.313420844707816| 0.304369558197861| 0.274242502679608| 0.243768672080333| 0.235657828815056| 0.185843368043281| 0.175908113308772| 0.137073660198494| 0.12638693492622| 0.0973645918266778,0.351801240750234,0.0560475674571757,0.00569682126557965,0.0562431148530998,0.0651568851469002,0.00202495011343262,0.0578758959623773,0.0635241040376227,0.00128310907794132,0.996845777975702,0.997690807411282
MYH6_MOUSE,NLQEEISDLTEQLGEGGK,2,0.990997916753671,0.99609319426659,12,0.06343,0.00189757405138234,1009593158.33333,980.47888,0.00789967704277282,0,2,4,3| 7| 9| 13| 24| 31,0.0649460084574523,0.0224673811627251|0.079288581775381|,0.336890050467638| 0.324674628410776| 0.300042103557446| 0.294688940040366| 0.245196227646993| 0.238457039736835| 0.205274431225274| 0.16906393912389| 0.14959846258763| 0.131933609942797| 0.118070849983651| 0.0920233856529683,0.336890050467638,0.0536719762243297,0.0050962810656637,0.0590598308626424,0.0678001691373576,0.00198555138818572,0.060610693576728,0.066249306423272,0.00128092932023983,0.996433227632617,0.998189697267344
MYH6_MOUSE,MEGDLNEMEIQLSQANR,2,0.983836913193494,0.99796200422364,12,0.05744,0.00214918670444378,831186100,989.45386,0.0097864128310599,1,6,1,1| 2| 3| 6| 9| 16| 24| 31,0.0583647214176953,-0.0188347944160783|-0.0644497386282254|-0.0208702600368765|-0.0655511007960998|,0.329462410584097| 0.311197955772698| 0.302315165886205| 0.282983542514207| 0.240055399228888| 0.232051223748135| 0.221934614709176| 0.179924046638562| 0.159878214647692| 0.130948016036768| 0.117801499770257| 0.0918804614711346,0.329462410584097,0.0477700283443168,0.00348402243627237,0.0526198314731269,0.062260168526873,0.00219000501102085,0.0557239907140499,0.0591560092859501,0.000779655091774746,0.997343667664571,0.999090983192545
MYH6_MOUSE,MEGDLNEMEIQLSQANR,3,0.993367903647252,0.996880494574663,12,0.05647,0.00141887098791092,625265691.666667,659.97168,0.0063529960732252,0,4,0,1| 16| 24| 31,0.0557482138351663,0.00355683718794402|,0.318875187476351| 0.307838129561999| 0.292905230137741| 0.288118954759556| 0.236763835036879| 0.234747730088903| 0.208331741290721| 0.178775213986739| 0.158550819900983| 0.129503099328023| 0.117307823402054| 0.0934460622033954,0.318875187476351,0.0462349459443307,0.00419953624362213,0.053239567652274,0.059700432347726,0.00146772109519443,0.0543345795510531,0.0586054204489469,0.000970211198583134,0.998035140640995,0.99888596675456
MYH6_MOUSE,FNHHMFVLEQEEYKK,4,0.967982862050635,0.991896243549934,10,0.05897,0.00317516201964757,68189334,495.49246,0.0093173035921492,0,4,2,1| 2| 3| 6| 7| 13,NaN,-0.00135492618408186|-0.0270898777639187|-0.0304106875045112|-0.0326701555136609|,0.299721070041441| 0.285987894659706| 0.271732413931836| 0.278019627724325| 0.233724617725956| 0.229936365048594| 0.208256916709147| 0.186267494023832| NaN| 0.14235825437945| 0.131836402080704| NaN,0.299721070041441,0.084030185377096,0.00462360858277428,0.0508613057441135,0.0670786942558865,0.0035844964223468,0.0549461503973961,0.0629938496026039,0.00177876659908894,0.984362396189451,0.996388938078892
MYH6_MOUSE,FNHHMFVLEQEEYKK,3,0.860076454709529,0.967427997912122,8,0.05452,0.00861948636911572,8932578.125,660.32086,0.0235791520473601,3,1,1,0| 2| 3| 9| 21,NaN,0.0148344652630257|,0.293533158436313| 0.294838152337319| 0.271082259692737| 0.281829129471019| NaN| NaN| 0.22365006900362| 0.176794800732142| NaN| 0.137775594778029| 0.127197681270637| NaN,0.293533158436313,0.0822953345065711,0.00966587098311748,0.0278338987464758,0.0812061012535242,0.011285556782318,0.0435804882126008,0.0654595117873992,0.00462632140508821,0.972411327655812,0.991468430146769
MYH6_MOUSE,SAETEKEMANMKEEFGR,3,0.9229074152466,0.956039009498353,10,0.05546,0.0043104950980689,100723532,662.96802,0.0176781496625582,0,4,0,2| 9| 16| 24,NaN,,0.319486909663479| 0.300606813752775| 0.250089962044601| 0.278206068776447| 0.246790130576031| NaN| 0.206474368199626| 0.172641077784085| 0.16026540350962| 0.143084772024045| 0.119601481380227| NaN,0.319486909663479,0.0463236419086629,0.0126085237151408,0.0443894324539461,0.0665305675460539,0.00489381008950626,0.0475641785419363,0.0633558214580637,0.00349039473863158,0.971508244996557,0.983022781944356
MYH6_MOUSE,LEQQVDDLEGSLEQEKK,2,0.984098255932416,0.995396467369016,9,0.06611,0.00230332450344969,46328453.3333333,994.49457,0.00753147156338176,0,1,2,6| 9| 13,NaN,-0.000419485942889641|0.0189267562656923|,0.343658467827827| 0.326144720431632| 0.304608784328083| 0.289928509611904| 0.240517518523277| 0.232112938918589| 0.215407351374327| 0.173300579808434| NaN| 0.134571601162812| NaN| NaN,0.343658467827827,0.054750293423452,0.00391472107071807,0.0597127197293804,0.0725072802706196,0.002774184214679,0.0627848108042463,0.0694351891957537,0.00144197017911609,0.992941721471383,0.99809312635191
MYH6_MOUSE,LEQQVDDLEGSLEQEKK,3,0.928489399551884,0.990423147131851,7,0.06195,0.0055521253391886,882328234.142857,663.33215,0.0150382720129439,2,3,1,1| 2| 3| 6| 13| 24,NaN,-0.0363883426460779|0.0190379914127655|,0.338615313029491| 0.31797441917888| 0.302701391145135| 0.288012771735534| 0.254120670365706| NaN| NaN| 0.198269507135478| NaN| NaN| 0.113111865718541| NaN,0.338615313029491,0.0539468381594684,0.00547524641488985,0.0429737379202858,0.0809262620797142,0.00775518826796084,0.0550409807436296,0.0688590192563704,0.00282356687818923,0.966283638563562,0.995671317621265
MYH6_MOUSE,LTDRENQSILITGESGAGK,3,0.999966979560121,0.999966979560121,2,0.03473,5.12804390098043E-05,12269301,663.67975,0.000117899306927973,0,0,0,,NaN,,0.333465064686144| NaN| NaN| NaN| NaN| NaN| NaN| 0.232951321705017| NaN| NaN| NaN| NaN,0.333465064686144,0.0556883859496174,0.000117899306927973,0.0324764685269933,0.0369835314730067,0.00017735677331013,0.0324764685269933,0.0369835314730067,0.00017735677331013,1,1
MYH6_MOUSE,mEGDLNEMEIQLSQANR,3,0.616791567812159,0.634351241107509,7,0.05444,0.0133271270295944,9318694.71428571,665.30328,0.043545861899276,1,2,1,2| 6| 9| 24,NaN,,0.337324520333812| 0.200497856762031| 0.317344937659672| NaN| 0.241048079563144| NaN| 0.221934614709176| NaN| NaN| NaN| 0.145555091044818| 0.10641524732208,0.337324520333812,0.04890998602545,0.0359362481398403,0.010123817085924,0.098756182914076,0.0181110663613488,0.0178680439897031,0.0910119560102969,0.0149461681650482,0.869093440660959,0.860567855011968
MYH6_MOUSE,mEGDLNEMEIQLSQANR,2,0.736971617920728,0.894151147314145,9,0.05099,0.0102925618076563,16810956.1111111,997.45129,0.0375461961533926,1,3,4,0| 1| 2| 3| 7| 9| 16| 24,NaN,0.0820485378907531|,0.336265660274018| 0.27735298772554| 0.274679659386528| 0.270470105577203| 0.229610923178422| 0.271645231937029| 0.209443163136189| NaN| 0.175769937828186| NaN| 0.134152104471574| NaN,0.336265660274018,0.0487564578126887,0.0163007965111517,0.0219210600389647,0.0800589399610353,0.0126057622874081,0.0383696303315561,0.0636103696684439,0.00547283045865677,0.926157354119537,0.951080049657339
MYH6_MOUSE,RDLEEATLQHEATAAALR,2,0.690862408638331,0.866581976200083,5,0.04963,0.014664361848578,5969961.6,998.0163,0.0327428270351494,0,2,2,0| 2| 3| 13,NaN,,0.330573981420438| 0.338487003637646| 0.317794472271007| 0.310142004678979| NaN| NaN| NaN| 0.200033806059933| NaN| NaN| NaN| NaN,0.330573981420438,0.032883588023189,0.0119420573241097,0,0.154750866778411,0.0378616766398027,0.0239097097869766,0.0753502902130233,0.0092637488728105,0.911848198628361,0.987385128366561
MYH6_MOUSE,RDLEEATLQHEATAAALR,3,0.992997828190645,0.99745218523047,8,0.06022,0.00147844732379535,655745775,665.67999,0.005761579375051,0,1,1,1| 9,NaN,-0.00719114411621999|,0.342053496635862| 0.31820342263982| NaN| 0.289718571453703| NaN| 0.234032941180134| 0.216507852487278| NaN| 0.144048435260159| 0.127062275140334| 0.106692130974714| NaN,0.342053496635862,0.0340255038128949,0.00347311585661684,0.0557024753670374,0.0647375246329626,0.00191046193958688,0.0574968080739562,0.0629431919260439,0.0011516383310754,0.997488753201896,0.998891005974528
MYH6_MOUSE,RDLEEATLQHEATAAALR,4,0.992803166600335,0.997211383684934,7,0.05802,0.00170061125230683,243420738.571429,499.51178,0.005817754128932,0,2,1,3| 9| 16,NaN,0.0100511076028529|-0.00683671653311663|,0.341402831380236| 0.326013085529692| NaN| 0.293804483828041| NaN| 0.236437330796007| 0.211221882998396| NaN| 0.165672670746548| NaN| NaN| 0.0838664680528003,0.341402831380236,0.0339607793959427,0.00345112220163688,0.0522098476741231,0.0638301523258769,0.00237448370829966,0.0545733872277262,0.0614666127722738,0.00140855616472096,0.997798878202281,0.998662366606032
MYH6_MOUSE,SAETEKEmANMKEEFGR,3,0.626449552597277,0.513728414926297,4,0.03767,0.0104017669815708,3234526.75,668.29968,0.0271017121324372,1,2,0,0| 1| 3,NaN,,0.288352553891503| 0.232938064508482| NaN| 0.312781891322163| NaN| NaN| NaN| NaN| NaN| 0.172547382358501| NaN| NaN,0.288352553891503,0.0418093513251862,0.0217663093584938,0,0.151442372794304,0.0357499740421713,0.00717094977994527,0.0681690502200547,0.00958352389862811,0.994462043836202,0.788599545808899
MYH6_MOUSE,SAETEKEmANmKEEFGR,3,0.457174828254806,-313.851526341967,2,0.04111,0.0269763434471504,2500674,673.63129,0.0371304798103912,0,0,2,0| 7,NaN,,0.309185091482393| NaN| NaN| NaN| NaN| 0.304155029406778| NaN| NaN| NaN| NaN| NaN| NaN,0.309185091482393,0.0448299414721366,0.0182188359520411,0,1.25376184578349,0.0954377700479944,0,1.03631005842182,0.0783239432304213,1,1
MYH6_MOUSE,KHADSVAELGEQIDNLQR,2,-3.11209765868661,-1.16777272252762,4,0.03652,0.0566548279113351,2717802.75,1012.01379,0.0889784986064162,0,2,2,0| 1| 3| 6,NaN,,0.256977032009277| 0.277416356628633| NaN| 0.343014965962537| 0.29504234892967| NaN| NaN| NaN| NaN| NaN| NaN| NaN,0.32296,0.042617560797001,0.0270355808462172,0,0.452501964173446,0.130711384987101,0,0.154180995578445,0.0369718714165383,0.905789666366674,-0.523742828887092
MYH6_MOUSE,KHADSVAELGEQIDNLQR,4,0.991162978945829,0.995954660143427,8,0.05961,0.00164751541869149,114362525,506.51053,0.00606207302283546,0,3,0,1| 9| 13,NaN,0.0138057256910423|,0.334029104532746| 0.317843167080035| NaN| 0.289097866389795| NaN| 0.235500042388275| 0.220830230677395| 0.186390687589287| NaN| 0.129907804900393| 0.120017852208195| NaN,0.334029104532746,0.04407823157788,0.00394460609981822,0.0545770070279989,0.0646429929720011,0.00212845358828968,0.0563350188668279,0.0628849811331721,0.00138499008110271,0.995708847643918,0.999497395514568
MYH6_MOUSE,KHADSVAELGEQIDNLQR,3,0.986615358873713,0.989126524991373,6,0.07509,0.00196262133846469,78417760,675.0116,0.00346381426301716,1,0,0,3,NaN,0.027314224642635|,0.316358789988848| 0.293970870590554| 0.275320413842463| 0.25921651547017| 0.217409905060547| 0.19413703637458| NaN| NaN| NaN| NaN| NaN| NaN,0.316358789988848,0.0417464700458738,0.00311599701439828,0.0672359187246262,0.0829440812753738,0.00305537103279747,0.0680245825305342,0.0821554174694658,0.00274856741532758,0.994727849514285,0.997468298686913
MYH6_MOUSE,SEAPPHIFSISDNAYQYM,2,-0.12794360962922,-0.374081785958444,10,6E-05,0.00810027167668874,75562349,1035.46729,0.0666595484362662,7,1,1,1| 2| 3| 6| 7| 9| 13| 16| 21,NaN,,0.302959503218096| 0.285674525944237| 0.273261925101223| 0.26611287197361| 0.28084180381435| 0.251196145617466| 0.225221251678233| 0.264661994292943| 0.362743161912042| 0.302638114760794| NaN| NaN,0.302959503218096,0.048266297063642,0.0373753199718749,0,0.0209677101602319,0.00924237736728198,0,0.0117812039093481,0.00518142775554215,-0.19162826395421,-0.320809575921642
MYH6_MOUSE,VKLEQQVDDLEGSLEQEK,3,0.991635362952449,0.99762207640884,10,0.07152,0.00192743472283444,289078428,696.35492,0.00581589116575509,2,1,2,1| 2| 13| 21| 24,NaN,-0.00582767230129732|-0.0242427872185026|,0.309535366153631| 0.29037913003044| 0.272534709746123| 0.256713103741199| 0.220050466240474| 0.211036998710739| 0.188360116249508| 0.145137457512267| NaN| 0.0991550472682174| 0.0963377465457868| NaN,0.309535366153631,0.0470451428054286,0.00322335702988833,0.0664804701860493,0.0765595298139507,0.00222775406475619,0.068726927813784,0.074313072186216,0.00123469413729338,0.996527965081462,0.998850417615092
MYH6_MOUSE,VKLEQQVDDLEGSLEQEK,2,0.928223227576608,0.972250977846206,9,0.06174,0.00511143830289942,26350422.2222222,1044.02881,0.0161380154148907,2,2,3,0| 1| 2| 3| 9| 13| 16,NaN,0.0171177959214991|,0.316384243308965| 0.316125057917128| 0.284870999196313| 0.276911667932382| 0.236748665938239| 0.219114592192711| 0.204948349424036| 0.171486018287047| 0.147523443820442| NaN| NaN| NaN,0.316384243308965,0.0480860784756669,0.00831579199005739,0.047303934818347,0.076176065181653,0.0062602078469106,0.0543012095341805,0.0691787904658195,0.003225835701049,0.995916533639507,0.99642709330128
MYH6_MOUSE,RSEAPPHIFSISDNAYQY,2,0.883949926115789,0.974095165114317,9,0.04799,0.00492115798144871,28284835.5555556,1047.99756,0.0173628099000245,2,2,2,1| 2| 3| 7| 13| 16,NaN,,0.293959135939692| 0.281538401300139| 0.264787887320474| 0.258272812578623| 0.231872537699527| 0.239539985284809| 0.202257840607998| 0.166083313386295| 0.152121933403831| NaN| NaN| NaN,0.293959135939692,0.0406613414505859,0.00652535365064633,0.034117591397753,0.061862408602247,0.00601577785182823,0.0427764215160357,0.0532035784839643,0.00226087126409472,0.971435465179477,0.987701290945811
MYH6_MOUSE,RSEAPPHIFSISDNAYQY,3,0.920651536965347,0.99228209828032,9,0.05112,0.00363214287096957,578330055.555556,699.00079,0.0133279819924806,3,5,0,1| 2| 3| 6| 7| 9| 13| 16,NaN,-0.0341332842922451|-0.0212884288913028|,0.31643579660932| 0.301689144848242| 0.284273896192584| 0.275216898902095| 0.243336683160802| 0.23552919615131| 0.210120474473944| 0.1803665710729| 0.154081170136556| NaN| NaN| NaN,0.31643579660932,0.0437703830227593,0.00397144055169183,0.0410849389108943,0.0611550610891057,0.00435170992813799,0.0481297762309055,0.0541102237690945,0.00129671223202115,0.995380850414123,0.99868945609216
MYH6_MOUSE,KMEGDLNEMEIQLSQANR,3,0.985003647889438,0.99460029735004,7,0.05744,0.00205353861043555,893524985.714286,702.66998,0.00646655309804522,1,4,0,3| 6| 9| 16| 31,NaN,-0.0320188823065713|-0.0633782247196492|,0.305382706118058| NaN| NaN| 0.265835953382495| 0.222470036775949| 0.21432319957078| 0.203555051924327| NaN| 0.156411653500565| NaN| NaN| 0.0842818437380719,0.305382706118058,0.0422414851876479,0.00373866343132627,0.0504935804072006,0.0643864195927994,0.00283885158753154,0.0534238998433187,0.0614561001566813,0.00164129335309642,0.998302801649818,0.997389347609487
MYH6_MOUSE,KMEGDLNEMEIQLSQANR,2,0.98281754226991,0.998015021574173,10,0.05666,0.00219667710361272,76264772,1053.50134,0.00822532181788392,2,4,0,2| 3| 6| 7| 21| 24,NaN,-0.0434844441288355|-0.019629263314675|-0.0517111230259632|,0.306774680922242| 0.290682887372384| 0.279972232802145| 0.267779766274145| 0.231361568879701| 0.219666769280306| 0.194363558416217| NaN| 0.144896280418173| 0.124174141806663| 0.106389442720668| NaN,0.306774680922242,0.0424340274694947,0.002782555596404,0.0510542255232876,0.0622657744767125,0.00247806587869207,0.0547636147292815,0.0585563852707185,0.000838308364302559,0.997158749734827,0.999292688188112
MYH6_MOUSE,MLTDRENQSILITGESGAGK,3,0.95138806926365,0.990603479498831,8,0.0507,0.00348850389269559,95076428.75,707.35992,0.0131540177067082,2,3,2,1| 3| 6| 7| 13| 21| 24,NaN,-0.0914077657541312|-0.00699139638806592|-0.0397670166515247|-0.00461831310087414|,0.317613216315478| 0.316351046058366| NaN| 0.277072104897607| 0.250329124117455| 0.229636698786998| NaN| 0.183472510645552| NaN| 0.144659843034783| 0.138451005612171| NaN,0.317613216315478,0.050600868060527,0.00527625053760523,0.0402227968950265,0.0611772031049735,0.00443081098425501,0.0464974552149931,0.0549025447850069,0.0017772569080381,0.994874235150572,0.995442624608341
MYH6_MOUSE,MLTDRENQSILITGESGAGK,2,0.76246757419334,0.899392412596638,4,0.06326,0.0116640699532865,2974332.25,1060.53625,0.021984127115783,1,1,0,3| 7,NaN,,0.329234043614054| NaN| NaN| 0.218945536573133| NaN| 0.214021699389262| NaN| NaN| NaN| 0.114975678655186| NaN| NaN,0.29615,0.0471814342298664,0.0138854753490939,0,0.131137176928632,0.0213286165494822,0.0163686516071365,0.110151348392863,0.0147343722089552,0.886732496079458,0.950263070945528
MYH6_MOUSE,KMEGDLNEmEIQLSQANR,3,0.972858657227378,0.982582179839727,9,0.05304,0.00243584729165089,16765443.7777778,708.00159,0.0092469989743651,1,4,0,1| 6| 7| 21| 24,NaN,-0.0160235906262844|-0.0321539108135443|-0.0473485855284067|,0.299597782783865| 0.27658597480627| NaN| 0.267349649537113| 0.227220690253262| 0.240040844876124| 0.201481417364267| 0.17333779584192| NaN| 0.126320873394078| 0.105025069866243| NaN,0.299597782783865,0.041441296609718,0.00725944189686418,0.0462523979917954,0.0598276020082046,0.00294344745737722,0.0477113303922495,0.0583686696077505,0.00231078059514651,0.986945727709692,0.991431787896292
MYH6_MOUSE,DTQLQLDDAVHANDDLKEN,3,-1194.43298329101,-1.60834034374149,2,0.09631,0.116437357090323,26029720,718.66968,0.0493495371372227,2,0,0,0| 2,NaN,,0.255101730055904| NaN| 0.330910074852401| NaN| NaN| NaN| NaN| NaN| NaN| NaN| NaN| NaN,0.30562,0.0486901567764031,0.0249915690203416,0,6.7036187949411,0.520006479683588,0,7.42562486089332,0.576829589412238,1,-1
MYH6_MOUSE,QQALDDLQAEEDKVNTLTK,3,0.0176811231022928,0.21658032087511,10,0.01084,0.0111456741452716,48081917,720.36572,0.0766069008338276,3,3,3,0| 2| 3| 6| 7| 9| 13| 16| 21,NaN,,0.44083756949688| 0.305964362514228| 0.278520211032966| 0.287556332388976| 0.262417060867385| 0.249798503883904| 0.227607584331294| 0.286177490775385| 0.234604207897525| 0.27014443211598| NaN| NaN,0.30019,0.0478250708811873,0.0461150997003967,0,0.0403026088798509,0.013024121121124,0,0.0289343051805189,0.00799869499794453,0.142216486568287,0.53107926120372
MYH6_MOUSE,SLVHYAGTVDYNIMGWLEK,3,0.178350901396836,0.682059606025843,11,0.01298,0.00830904378952877,38890878.1818182,732.698,0.0528885565151787,4,5,0,0| 1| 2| 3| 6| 7| 9| 13| 16,NaN,,0.277408844061931| 0.246959725914054| 0.276541363389744| 0.264358105495391| 0.243572610561462| 0.241603026273046| 0.240949901472897| 0.230727928854202| 0.239648702642421| NaN| 0.185455732565778| 0.140486731067341,0.277408844061931,0.0777747009529457,0.0206588331647951,0,0.0345885414517712,0.00969802283134735,0.00505812479583517,0.0209018752041648,0.00355537770878921,0.961109859650128,0.932740025380769
MYH6_MOUSE,GTLEDQIIQANPALEAFGNAK,3,0.978796885488681,0.998599836084663,11,0.06251,0.00249773122658513,2229935527.27273,734.04633,0.00942543546922656,0,3,2,1| 2| 6| 7| 9,NaN,-0.029146858926817|-0.047567656850747|-0.0189096370551564|,0.296123044522509| 0.282276681821909| 0.265652436904248| 0.247339856113855| 0.216132871690961| 0.202978245767645| 0.182480172031677| 0.145821962317176| 0.122232500420929| 0.102831102135522| 0.0886647701698887| NaN,0.296123044522509,0.0308771795427863,0.00250435706120931,0.0565032560378242,0.0685167439621758,0.00269585710897039,0.0609139961118332,0.0641060038881668,0.000716294627330922,0.994632713102592,0.99942727439271
MYH6_MOUSE,GTLEDQIIQANPALEAFGNAK,2,0.986846563088384,0.990411891240882,9,0.05858,0.00192842916276612,784744155.555556,1100.5658,0.00626038852396898,0,5,0,1| 2| 6| 9| 24,NaN,-0.00553477405120593|-0.021316014577291|-0.0687422121704455|,0.296443200746273| 0.28082830346809| 0.260549159351044| 0.24840956857427| 0.224639410463441| 0.205671286894402| 0.197174409718443| 0.147954511616695| NaN| NaN| 0.102675827565875| NaN,0.296443200746273,0.030910562696802,0.00503045780654268,0.0532042776712635,0.0639557223287365,0.00233118503426675,0.0542604047782558,0.0628995952217442,0.00187319491581458,0.99839865228841,0.995871083161605
MYH6_MOUSE,LELQSALEEAEASLEHEEGK,3,0.987653538382107,0.997158661595952,8,0.06096,0.0015802306585524,1668932450,738.02533,0.00462267815272109,0,0,3,2| 6| 7,NaN,-0.0319924717342423|-0.0205454653442177|-0.026810906657221|,0.300230867428002| 0.284047134655299| 0.268006707214367| 0.25222730069565| 0.209423532599489| 0.200191303496126| 0.178951081306888| 0.145515106078159| NaN| NaN| NaN| NaN,0.300230867428002,0.0214773978024119,0.00222175942797491,0.0560897222394007,0.0658302777605993,0.00205964129757041,0.0586192388277997,0.0633007611722003,0.000989908299895352,0.99742078392994,0.999642664910406
MYH6_MOUSE,LELQSALEEAEASLEHEEGK,2,0.963642855885576,0.978928557563487,12,0.06225,0.0034698008718959,26670270,1106.53442,0.0148972023132326,1,1,3,1| 2| 9| 16| 31,0.0659251987440636,,0.30886428662974| 0.26249111436196| 0.277185726361384| 0.253625825286651| 0.208716237226833| 0.214851099370481| 0.177815856320801| 0.141946118714236| 0.111666690796759| 0.106801282448113| 0.0788489308665307| 0.067098447873946,0.30886428662974,0.0220950004499317,0.0114427275265258,0.0543842469369641,0.0701157530630359,0.00357374198173026,0.0562082166370053,0.0682917833629947,0.00274503593944761,0.990208195185896,0.992378875888265
MYH6_MOUSE,VKLEQQVDDLEGSLEQEKK,3,0.982145194891398,0.991359210847917,4,0.06172,0.00318608750588324,252708450,739.05322,0.00508690287427779,1,1,0,1| 2,NaN,-0.0174253682391213|-0.0365120192086472|,0.299452473109421| 0.278225837611283| 0.27088382619678| NaN| NaN| NaN| NaN| NaN| 0.129164180350578| NaN| NaN| NaN,0.299452473109421,0.0455126809447659,0.00361569613810492,0.0418221709115575,0.0816178290884425,0.00625236914671253,0.0475769142030321,0.0758630857969678,0.0044440925129683,0.99836646264101,0.999128056068889
MYH6_MOUSE,LQQFFNHHMFVLEQEEY,3,-1.29879768697968,0.987175973203979,5,0.03521,0.0197658156826626,28399408,747.0141,0.0293591078257806,2,2,1,0| 1| 2| 3| 9,NaN,,0.25223655344986| 0.24212022010073| 0.23336272369702| 0.225436571070154| NaN| NaN| 0.193672819647151| NaN| NaN| NaN| NaN| NaN,0.25223655344986,0.0485162218959902,0.00145872538149788,0,0.172003781317489,0.0492693988672696,0.030487247947326,0.039932752052674,0.00170100681765907,0.961087005980864,0.994645463685635
MYH6_MOUSE,SEFKLELDDVTSNMEQIIK,2,0.412337779078574,0.659764906423009,9,0.03415,0.0147294638762291,20201102.1111111,1120.06177,0.0531420638902957,1,5,2,0| 1| 2| 3| 6| 9| 13| 31,NaN,-0.000600871803078018|,0.235660122520574| 0.236463622006893| 0.284694086785478| 0.251759649327898| 0.216187079308701| 0.280211492965891| 0.209121360158106| 0.192189160758388| NaN| NaN| NaN| 0.130419715529716,0.26633,0.0562870921926295,0.0225340465458842,0,0.0836310954612101,0.021457505087583,0.0165102095863217,0.0517897904136782,0.00764950510932246,0.845599823188234,0.820445490417745
MYH6_MOUSE,SEFKLELDDVTSNMEQIIK,3,0.979068628533923,0.996473167199105,11,0.06079,0.00253946774022183,246146445.454545,747.04358,0.00825040841588591,0,8,0,1| 2| 6| 9| 13| 16| 21| 24,NaN,-0.00447534750035825|-0.00119314965641835|-0.0719877332963981|-0.0590713996924826|-0.0616985915859|,0.282588986455496| 0.265903475995309| 0.252274640486128| 0.244606525111914| 0.209817213236896| 0.204224263723993| 0.192421865690315| 0.162814041998897| 0.138109106188847| 0.124821356100323| 0.112776961099612| NaN,0.282588986455496,0.0597233219436122,0.0031853306916026,0.054828630605099,0.066751369394901,0.00267549277339616,0.058488425103296,0.063091574896704,0.00103295846904382,0.996374009875024,0.998625314363204
MYH6_MOUSE,KPELLDMLLVTNNPYDYAF,2,0.965393257020209,0.995780079213998,12,0.05822,0.00335078660211118,301125781.666667,1128.56641,0.0100575029169832,6,4,1,1| 2| 3| 6| 7| 9| 13| 16| 21| 24| 31,0.0590740120512475,-0.00818656658277424|-0.0199047506311756|-0.00828475170655983|-0.0548609744508423|-0.0393563909082082|,0.266305061235175| 0.252870340354222| 0.240500448097097| 0.234974383830388| 0.206597570118491| 0.205494258555109| 0.194210530330999| 0.166262851455285| 0.145651928077127| 0.135207175521687| 0.126317048337239| 0.107547310910359,0.266305061235175,0.0782622545639932,0.00331595211158147,0.051135329899332,0.065304670100668,0.00321886318608819,0.0558841889170622,0.0605558110829378,0.0010612570801026,0.996998869792276,0.998153022101785
MYH6_MOUSE,KPELLDMLLVTNNPYDYAF,3,0.972267148445737,0.998269871198148,8,0.05753,0.00282484305448901,299557262.5,752.71338,0.00570041518527793,2,3,2,1| 2| 3| 6| 7| 9| 21,NaN,-0.0189777562725333|-0.0416486655827998|0.022366651727991|-0.00753782913406516|-0.0444911265019056|,0.262517595340114| 0.253988342527447| 0.243812401913936| 0.231933272576927| 0.207250018445765| 0.199883617009798| 0.187187709350217| NaN| NaN| 0.128877143773495| NaN| NaN,0.262517595340114,0.0771491866461067,0.00138847962062426,0.049219123679211,0.065840876320789,0.00351467101687247,0.0555056768540743,0.0595543231459257,0.000856086604486204,0.993890420350922,0.999755969057281
MYH6_MOUSE,EMTERLEDEEEMNAELTAK,3,0.688337992354822,0.849376818248784,8,0.0456,0.00749951369839064,5738501.625,756.67169,0.0232344161589564,2,3,1,0| 2| 3| 6| 13| 16,NaN,,0.268870861026629| 0.257192693329054| 0.233202353116711| 0.239581700509711| 0.231268841396679| 0.236204860566979| NaN| 0.176626107847161| 0.133140006262616| NaN| NaN| NaN,0.268870861026629,0.0293875947505121,0.0133094048880776,0.0223813564130067,0.0688186435869933,0.00981916834235238,0.0322996301375907,0.0589003698624093,0.00562472868861756,0.865176471066753,0.935519436118828
MYH6_MOUSE,LTQESIMDLENDKLQLEEK,3,0.987044786010237,0.995260307698066,7,0.06539,0.00179636432451347,1689339285.71429,759.38239,0.0035435521188356,0,2,2,1| 2| 6| 7,NaN,-0.010026605388955|-0.0299569508397048|-0.0155280979911786|0.0121230779650504|,0.272597627363595| 0.257096408134849| 0.247625302038987| 0.234036605287637| 0.195363066629653| 0.195363505298025| NaN| 0.143828284199003| NaN| NaN| NaN| NaN,0.272597627363595,0.0477189904741824,0.00218739220266766,0.0592229735092113,0.0715570264907887,0.0025203304680691,0.0615831685474888,0.0691968314525112,0.00155576975563481,0.99413502917498,0.997723981777919
MYH6_MOUSE,LTQESIMDLENDKLQLEEK,2,0.98514189009482,0.992269154576587,9,0.05688,0.0018599254088723,65103651.1111111,1138.56995,0.00535792255049764,0,2,0,2| 3,NaN,0.0163982499585911|,0.277084763319326| 0.264407338685428| 0.24389186721631| 0.245084400510916| 0.205758806724948| 0.202798321327548| 0.183567864098929| 0.150566252092652| NaN| 0.114774900537811| NaN| NaN,0.277084763319326,0.0485044763934794,0.00386673808469429,0.0517114493969256,0.0620485506030744,0.00224134489802961,0.0531499290123704,0.0606100709876296,0.00161754739760869,0.99388906086042,0.997426421021967
MYH6_MOUSE,LTQESImDLENDKLQLEEK,3,0.928077071912748,0.939561086314124,7,0.05706,0.00385804070919622,43849204.2857143,764.71399,0.00883238552102407,1,2,0,1| 9| 13,NaN,-0.0403338836471775|,0.283302728396685| 0.249576438246984| 0.24681984807504| 0.247898136901025| 0.21769491062533| NaN| 0.189614846094918| 0.165718742946036| NaN| NaN| NaN| NaN,0.283302728396685,0.0495929488764021,0.00700026579421855,0.0439877235930863,0.0701322764069137,0.00534235689834893,0.0466993325261828,0.0674206674738172,0.00423418092054517,0.979239553148903,0.982669923105559
MYH6_MOUSE,KGTLEDQIIQANPALEAFGNAK,3,0.864734141274087,0.963132349534673,8,0.06366,0.00582038747855701,18650637.5,776.74463,0.0151693868325807,4,1,2,1| 2| 3| 6| 7| 9| 13,NaN,-0.0308215404701358|-0.082809611467337|-0.0923476831250206|,0.28390597540519| 0.24967637441089| 0.248397883780193| 0.247734402909238| 0.196056410015011| 0.184225446674317| 0.17205901890404| 0.146609384504899| NaN| NaN| NaN| NaN,0.28390597540519,0.0296032880183007,0.00700137241794467,0.0459438062517536,0.0813761937482464,0.00749218136485848,0.055483158600351,0.071836841399649,0.00345798762580803,0.984478881825615,0.985911898256467
MYH6_MOUSE,ENKNLQEEISDLTEQLGEGGK,3,0.842312957045662,0.994378491480209,4,0.06178,0.00813818507335568,3758273,777.71521,0.0154913387391885,1,1,1,0| 3| 7,NaN,0.0370407367763266|,0.282236765246459| NaN| NaN| 0.235829811025415| NaN| 0.194174650839605| NaN| 0.141794549161059| NaN| NaN| NaN| NaN,0.282236765246459,0.0323361847534338,0.00224288859157319,0.00998132596780908,0.113578674032191,0.0162763701467114,0.0542804121979773,0.0692795878020227,0.00235654810271057,0.988629177104664,0.999503102761844
MYH6_MOUSE,NDLQLQVQAEQDNLNDAEER,2,0.980883362193198,0.987873298885958,11,0.0565,0.00223628749995637,160972348.181818,1171.54639,0.00924028824194896,0,2,2,2| 3| 16| 24,NaN,-0.00529826212721583|,0.291622003899773| 0.271426679391722| 0.2540230322638| 0.241298405868349| 0.208942033604167| 0.213214054830497| 0.186190488480003| 0.14646837876523| 0.120688405555462| 0.106786638726839| 0.101342010908667| NaN,0.291622003899773,0.0251864036112969,0.00680602354773032,0.0510946703801172,0.0619053296198828,0.00242593930652752,0.0525186522635568,0.0604813477364432,0.00178684902605467,0.992735833903208,0.99526393853561
MYH6_MOUSE,NDLQLQVQAEQDNLNDAEER,3,0.989318164274508,0.995704291829481,11,0.05915,0.00168600843622803,500200463.636364,781.36664,0.00666733437239837,2,0,3,1| 2| 3| 6| 7,NaN,-0.0268760664677061|0.0206331209048369|-0.00871117830364468|-0.00131853751719971|,0.290026579750318| 0.274479581086707| 0.268020979534522| 0.247681291377046| 0.20419617992747| 0.199966454972945| 0.179026816253| 0.148386145952804| 0.119827778874116| 0.0991429894167956| 0.0817804716450675| NaN,0.290026579750318,0.0250486122374567,0.00437847108134754,0.0550709650631964,0.0632290349368036,0.00183069153627405,0.0564712778131336,0.0618287221868664,0.00120222408277991,0.996494530183328,0.998817349083555
MYH6_MOUSE,FSLVHYAGTVDYNIMGWLEK,3,0.974257235791543,0.995928638412368,12,0.05691,0.00273461904252523,256085700,781.72076,0.00791776162398012,1,9,0,1| 2| 3| 6| 9| 13| 16| 21| 24| 31,0.0591147509670167,-0.0185706350576797|-0.0376829901926708|-0.0173741990753283|-0.0533209489140257|-0.0534752397481639|-0.0223771542925707|,0.246756597038375| 0.23637115309674| 0.227014961197262| 0.217003832990894| 0.186455503028162| 0.186325257804712| 0.176566318589563| 0.15148877313804| 0.13759679701909| 0.124591065459396| 0.112149449437982| 0.0985962255835839,0.246756597038375,0.0691809974830568,0.00307820228195446,0.0510221613099467,0.0627978386900533,0.00267509240878429,0.0546209744707885,0.0591990255292115,0.00104000043803031,0.997127818700789,0.998576240564614
MYH6_MOUSE,FSLVHYAGTVDYNIMGWLEK,2,0.461936278283863,0.802094522211594,10,0.03193,0.0121268207058777,8276868.7,1172.07751,0.0421639782846296,4,2,2,0| 1| 3| 6| 7| 13| 21| 31,NaN,,0.264799674683796| 0.21979583685745| 0.215459723017464| 0.239907906291943| 0.190081478892606| 0.206712208000711| 0.217369915716077| 0.188497012261736| NaN| 0.158714351481025| NaN| 0.11821273799138,0.23162,0.0649372816343939,0.0159136244762667,0.000253360725125155,0.0636066392748748,0.0140028463979057,0.0199745308389156,0.0438854691610844,0.0052849861004778,0.825022070145952,0.923817329001464
MYH6_MOUSE,IEDMAMLTFLHEPAVLYNLK,3,0.940205014017273,0.9551881482222,11,0.05729,0.00450199340274388,1395914638.18182,783.40582,0.0126974401856967,4,4,1,1| 2| 3| 6| 7| 9| 13| 24| 31,NaN,-0.0388412489643414|-0.0534499718916107|0.0352269218553847|-0.0222279447075891|-0.0389505403264485|-0.0467179862594161|,0.243353145922527| 0.236973863234883| 0.225463278369996| 0.209657788993492| 0.151593410982578| 0.18264400268358| 0.168492907954038| 0.144709368213685| NaN| 0.108652823109343| 0.0984425676390037| 0.0872440591917762,0.243353145922527,0.053911395836958,0.0108239562744108,0.0469217490469322,0.0676582509530678,0.00465332353358579,0.0484515653772055,0.0661284346227945,0.00396673421741782,0.979171463792655,0.979029725027968
MYH6_MOUSE,IEDMAMLTFLHEPAVLYNLK,2,0.979265536246199,0.996567311221967,7,0.056,0.00277880435945423,42291622.8571429,1174.6051,0.00547506425218566,1,5,0,1| 2| 3| 6| 16| 21,NaN,-0.00617423565185041|-0.0100307369296632|0.00986557237564193|-0.0216619002079269|-0.0217675790215178|,0.23753209487458| 0.22316522176293| 0.217713839612232| 0.209668662328664| 0.180304517999099| NaN| NaN| NaN| 0.125005164316561| 0.107487138219274| NaN| NaN,0.23753209487458,0.0526218255458349,0.00210701677255197,0.0467060018763338,0.0652939981236662,0.00379825620600789,0.0524233095670405,0.0595766904329596,0.00146171609389121,0.996146891368547,0.999216816167084
MYH6_MOUSE,IEDMAmLTFLHEPAVLYNLK,3,0.959794694031103,0.970574490633037,9,0.05413,0.00303714548763839,46400214.4444444,788.73743,0.00712948834062273,0,3,1,1| 3| 9| 13,NaN,-0.00115404783832954|-0.0350758996241977|,0.231455984595444| 0.218289271417298| 0.214467241402797| 0.218621525124812| 0.192405101363043| 0.176314753351399| 0.167949544095535| 0.138277290880616| NaN| 0.101492558458092| NaN| NaN,0.231455984595444,0.0512757505437398,0.00603215268721682,0.0456733379506827,0.0625866620493173,0.00366723629005846,0.0469749456302473,0.0612850543697527,0.00310279338219704,0.983278370170076,0.988194063054294
MYH6_MOUSE,LQQFFNHHMFVLEQEEYK,2,0.15618917687473,0.879425801080948,7,0.03245,0.00892861353574033,10625162.1428571,1184.06494,0.0251557148974256,1,3,2,1| 2| 3| 6| 13| 24,NaN,,0.227394162877146| 0.225862883988629| 0.219469340324288| 0.210059612668369| 0.177371574444924| NaN| NaN| 0.155059828149396| NaN| NaN| 0.14788821825752| NaN,0.227394162877146,0.0417256754079406,0.00835804598473091,0.00140345072910491,0.0634965492708951,0.012688053825084,0.0221347103120925,0.0427652896879075,0.0042156359999789,0.624623245774403,0.946614829146032
MYH6_MOUSE,LQQFFNHHMFVLEQEEYK,3,0.982094736274272,0.992752895204879,8,0.06174,0.00203732601363376,252431237.5,789.7124,0.00417301769041252,2,1,2,2| 3| 6| 9| 13,NaN,-0.0202619159725788|-0.0342158349447426|-0.0747689575080615|-0.029522224009653|-0.0440361893829719|,0.240689508520973| 0.235084561101565| 0.219329118175525| 0.208827945977104| 0.185458795233347| 0.170976394260557| 0.155059828149396| 0.131581462742901| NaN| NaN| NaN| NaN,0.240689508520973,0.04416530389159,0.00254698559461578,0.0555403192266059,0.0679396807733941,0.00262184605895339,0.0579560482431384,0.0655239517568616,0.00160023384487362,0.996314918351894,0.997655313725764
MYH6_MOUSE,IEDmAmLTFLHEPAVLYNLK,3,0.916796003556458,0.954896457485318,10,0.05363,0.00519375763296617,10841333,794.06909,0.0126369306912099,2,1,1,1| 6| 7| 31,NaN,,0.217745983784459| 0.209339007651698| 0.207441901843381| 0.20769676018614| 0.156922793458304| 0.178567404329098| 0.15036736010683| 0.142998829087148| 0.109789473402669| NaN| NaN| 0.0741243290281494,0.217745983784459,0.0482384966884668,0.00880442647341355,0.0397131657994185,0.0675468342005815,0.00615201915723532,0.0439338367103701,0.0633261632896299,0.00428624653062208,0.975449596795779,0.980054110424307
MYH6_MOUSE,MESDLTQLQTEVEEAVQEcR,3,0.979802467081097,0.988779891506946,6,0.05703,0.00248632986587764,575292766.666667,799.02991,0.00530130638171424,2,0,0,1| 2,NaN,-0.0418366450558606|-0.07485138097208|,0.264881137118248| 0.256048278200661| 0.244493889408514| 0.22844787584911| NaN| NaN| 0.164095920139346| NaN| 0.111476936211902| NaN| NaN| NaN,0.264881137118248,0.0276195405240602,0.00415473333038112,0.04719960914265,0.06686039085735,0.00382418903160568,0.0493257381436048,0.0647342618563952,0.0029970887338438,0.996668830886302,0.999076321131777
MYH6_MOUSE,MESDLTQLQTEVEEAVQEcR,2,0.983487263916468,0.992777194263238,9,0.05695,0.00190348513908211,158236368.888889,1198.04126,0.00562786699589886,2,0,0,1| 2,NaN,-0.0221179119105674|,0.262131870246745| 0.250404033979048| 0.231320377746731| 0.22686092180603| 0.186585622394943| 0.187313000236622| 0.16025420663398| 0.135162809165022| NaN| 0.0977266226176983| NaN| NaN,0.262131870246745,0.0273328704780349,0.00382105893666559,0.0516008629299955,0.0622991370700045,0.00231965632175182,0.053318185669689,0.060581814330311,0.00157493834248067,0.9947834481392,0.997457775993479
MYH6_MOUSE,mESDLTQLQTEVEEAVQEcR,3,0.926909447288301,0.928201628792302,3,0.11287,0.0108212229663282,4153461.33333333,804.36157,0.0107551996993666,0,1,0,6,NaN,,0.259568018318022| NaN| NaN| NaN| 0.108408227252282| NaN| NaN| 0.0776554557340742| NaN| NaN| NaN| NaN,0.259568018318022,0.0270655339171403,0.0106515622253136,0,0.230644435885644,0.0273725172081257,0.000364820178487615,0.225375179821512,0.0261478643264977,0.978560881599312,0.978969519811279
MYH6_MOUSE,mESDLTQLQTEVEEAVQEcR,2,NaN,NaN,1,0.00053,NaN,1413460,1206.0387,0.021190077709102,NaN,NaN,NaN,NaNNaN,NaN,NaN,NaN,NaN,NaNNaN,NaN,NaN,NaN,NaN,NaN,NaN,NaN
MYH6_MOUSE,LQQFFNHHMFVLEQEEYKK,3,0.980124916186068,0.9961232246525,7,0.06244,0.00318641919995073,89492645.7142857,832.41071,0.00551200773715396,0,4,0,2| 6| 7| 9,NaN,-0.0155339539041254|-0.0598211737812995|,0.226095057736008| 0.219635124249904| 0.20437264165915| NaN| 0.170779365960743| 0.154845710821769| 0.149319163985951| NaN| NaN| NaN| NaN| 0.0680715135768406,0.226095057736008,0.0414872962043847,0.00240057287331366,0.0518091482989529,0.0730708517010471,0.00434459937600281,0.0578100837461214,0.0670699162538786,0.00189214672852272,0.993477107966376,0.998183338681273
MYH6_MOUSE,LQQFFNHHMFVLEQEEYKK,5,-0.587596772390737,0.0870408274191827,3,0.06062,0.0189607158680886,1242431666.66667,499.84933,0.00880695220841715,1,0,1,0| 3,NaN,,0.226570645476307| 0.220193067398575| NaN| 0.19305858650223| NaN| NaN| NaN| NaN| NaN| NaN| NaN| NaN,0.226570645476307,0.0415745641422623,0.00694148772480125,0,0.638369417072276,0.134277491901136,0,0.624000774707185,0.130938007339497,0.99976431031793,0.984531873626162
MYH6_MOUSE,VKEMTERLEDEEEMNAELTAK,3,0.139474751975612,0.508757293171787,6,0.02406,0.0128530397389418,13768282.5,832.39282,0.0378568961980656,2,1,1,0| 1| 2| 3,NaN,,0.243498463631133| 0.277867463726878| 0.270112070207978| 0.228150425399963| 0.220866740051331| NaN| NaN| NaN| NaN| 0.149170757276803| NaN| NaN,0.243498463631133,0.0253899381321524,0.0209164335225994,0,0.085511676897533,0.023905746188069,0,0.0681506844045198,0.0171520251984371,0.827389140365199,0.927025567233113
MYH6_MOUSE,LQQFFNHHMFVLEQEEYKK,4,0.93753703005786,0.962903521727817,10,0.06523,0.00447447786120576,531576583,624.55988,0.0103179852322076,2,3,0,2| 6| 7| 9| 24,NaN,-0.0364592587914262|,0.22623512529752| 0.195297450606809| 0.209469839161841| 0.17515183466628| 0.167560247891861| 0.161154730472403| 0.1466282478358| 0.124027772063537| NaN| 0.0890081963887306| 0.0827517656228537| NaN,0.22623512529752,0.0415129978914152,0.00801812129561787,0.0539447001815328,0.0765152998184672,0.00498873376500051,0.0564601771358007,0.0739998228641992,0.00387675224756647,0.988148325448158,0.985611211110955
MYH6_MOUSE,LQQFFNHHMFVLEQEEYKK,2,0.879153371558753,0.888775301822744,5,0.0567,0.00856808868782073,2996994.6,1248.11243,0.0133155609432862,0,1,1,1| 3,NaN,0.0260757360280388|,0.227153596898157| 0.214245119449772| NaN| 0.184192967506772| NaN| 0.187131936399046| NaN| NaN| NaN| 0.0622748000656099| NaN| NaN,0.227153596898157,0.0416815327710915,0.0126258202507674,0.0169059708267353,0.0964940291732647,0.0143327268022722,0.0189672855063786,0.0944327144936214,0.0135902973280362,0.960318083782161,0.964327327025938
MYH6_MOUSE,EKSEFKLELDDVTSNMEQIIK,3,-0.00277647034500861,-0.211697161622627,4,0.00367,0.00992561880781443,46322367.5,832.7561,0.0376687112610429,1,2,0,1| 3| 21,NaN,,0.233610705797423| 0.340490133306113| NaN| 0.235499026090643| NaN| NaN| NaN| NaN| NaN| 0.217125053919994| NaN| NaN,0.233610705797423,0.040894218898484,0.0310851069584972,0,0.0711616336739516,0.0212074697279084,0,0.0603029142726709,0.017795402921243,0.521658290362608,0.482798232022937
MYH6_MOUSE,LQQFFNHHmFVLEQEEYKK,5,0.945864024502693,0.979532945825658,4,0.06119,0.003478662869474,88873275,503.04834,0.00445052781331257,0,2,0,2| 9,NaN,-0.00825067949540172|,0.227755962725844| NaN| 0.199930245946093| NaN| 0.175971394194552| NaN| 0.147698908410788| NaN| NaN| NaN| NaN| NaN,0.227755962725844,0.0417920638449101,0.00244034429293407,0.039553539423241,0.082826460576759,0.00679868833694857,0.0493261458005389,0.0730538541994611,0.00372790396520653,0.980558511636092,0.990886662114625
MYH6_MOUSE,LQQFFNHHmFVLEQEEYKK,4,-0.777745380779691,0.878509031380501,6,0.19088,0.0567358204669191,79545955,628.55859,0.0281752916754713,1,2,0,0| 1| 21,NaN,,0.207570055304638| 0.197679559530243| 0.12328433339679| 0.138454233690894| NaN| NaN| 0.101995036486795| NaN| NaN| 0.032430940230014| NaN| NaN,0.207570055304638,0.0380880522281869,0.014560899140646,0.0101527846993832,0.371607215300617,0.0703059567513035,0.0741146009829536,0.307645399017046,0.0454237237025206,0.888216505741305,0.940400436237525
MYH6_MOUSE,KMESDLTQLQTEVEEAVQEcR,3,0.982474467703952,0.996436826644001,9,0.05515,0.00191706390904879,409295711.111111,841.72821,0.00544616347046891,1,1,1,1| 2| 6,NaN,-0.0136631782588154|,0.245160186904212| 0.233495285499504| 0.224828515026106| 0.211625581085409| 0.185817653200824| 0.173059368261432| 0.153292810167476| 0.13015254801738| NaN| 0.0886872391306064| NaN| NaN,0.245160186904212,0.0243871176769742,0.00253602508957376,0.0497737029875135,0.0605262970124865,0.00233143424620059,0.0526465084712207,0.0576534915287793,0.00108564052017835,0.995761264888562,0.999168869450115
MYH6_MOUSE,KMESDLTQLQTEVEEAVQEcR,2,0.955826760307271,0.974847875648217,8,0.05047,0.00335489060044389,12296416.25,1262.08875,0.00865367563417094,2,3,0,2| 3| 6| 9| 24,NaN,-0.0991398355808883|-0.0397665576701337|-0.0771205979249557|,0.243491879151689| 0.247321743667091| 0.232370304138413| 0.216340120533021| 0.180405016158829| 0.187276212729428| 0.168369385243534| NaN| NaN| NaN| 0.0914072562258055| NaN,0.243491879151689,0.0242211640692701,0.00625194379581004,0.040142726947483,0.060797273052517,0.00436740553943943,0.0430089472152886,0.0579310527847114,0.00315528049818113,0.981734784220648,0.992836199950234
MYH6_MOUSE,SEAPPHIFSISDNAYQYMLTDR,2,0.852477513527025,0.941660091906523,8,0.05162,0.00728556388230969,41707497.5,1278.09717,0.0168758458070139,1,1,3,0| 1| 2| 13| 16,NaN,,0.220951371539552| 0.228508855236694| 0.194419135715006| 0.19118625172467| 0.153475522370082| 0.16848737901607| NaN| 0.11416681832745| 0.109916720406608| NaN| NaN| NaN,0.220951371539552,0.0265354697638479,0.00825341877604107,0.0290637492993818,0.0741762507006182,0.00953904227746301,0.0405884828139282,0.0626515171860718,0.00466523050391592,0.978252201296801,0.97625836716941
MYH6_MOUSE,SEAPPHIFSISDNAYQYMLTDR,3,0.964732722717745,0.996770029820689,11,0.05115,0.00253458418919063,1437339400,852.40057,0.00872997399756722,2,6,0,1| 2| 3| 6| 7| 9| 13| 16,NaN,-0.02949123385023|-0.0164387465481476|,0.233145506500071| 0.221703942173087| 0.208975446305835| 0.202794631212195| 0.174755490350951| 0.170076204301137| 0.157472948889643| 0.134333059030126| 0.122639799281116| 0.0957268480907463| 0.0837183984049731| NaN,0.233145506500071,0.0279999417754335,0.00262144824413154,0.0450942787710034,0.0572057212289966,0.00271783835434528,0.0493315799466153,0.0529684200533847,0.000816116128618161,0.995987285842112,0.998734507591204
MYH6_MOUSE,SEAPPHIFSISDNAYQYmLTDR,3,0.914429791778475,0.938289282141992,9,0.04824,0.00425357107056834,58797005.5555556,857.73218,0.011626582652208,0,6,1,1| 2| 3| 6| 7| 13| 16,NaN,0.0112498592527367|-0.071843035917554|,0.210828675218622| 0.216350950496242| 0.192872860555169| 0.207450633515179| 0.15605135389368| 0.167782621722271| NaN| 0.127192536162287| 0.118246529199879| 0.0993919597919012| NaN| NaN,0.210828675218622,0.0253197701269504,0.00887308344456008,0.0361279075042498,0.0603520924957502,0.00525241577467858,0.038996388990826,0.057483611009174,0.00400849715246258,0.97573156581146,0.979423485339684
MYH6_MOUSE,IDLIEKPMGIMSILEEEcMFPK,3,0.914900767174688,0.935887509312785,8,0.04742,0.00315885452399929,10306251.75,875.1012,0.00618599814104225,1,1,1,2| 7| 13,NaN,-0.0560829302449104|,0.19662827542253| 0.181990325645797| 0.17240912407098| 0.175771934701352| 0.143803344534224| 0.145867106661501| 0.136781501176978| 0.121709649588092| NaN| NaN| NaN| NaN,0.19662827542253,0.0313260308782042,0.00500684264353337,0.037742306520367,0.0570976934796329,0.00409269822701592,0.039587037994501,0.0552529620054989,0.00331256097123304,0.983616290308397,0.982489715529039
MYH6_MOUSE,KKMESDLTQLQTEVEEAVQEcR,4,0.821840004786661,0.979270768277858,6,0.08968,0.0141286013193595,31499135.1666667,663.57172,0.0200718199953102,0,0,3,0| 1| 6,NaN,,0.210170313305491| 0.208558849169592| NaN| NaN| 0.142020494758882| 0.132122996927556| 0.0941303497765626| NaN| NaN| NaN| 0.0373274271197153| NaN,0.210170313305491,0.0199446773328438,0.0062059100339225,0.0334152717701684,0.145944728229832,0.0218879350460333,0.0722837777561268,0.107076222243873,0.00676742596116147,0.914131011134687,0.990977613922349
MYH6_MOUSE,KKMESDLTQLQTEVEEAVQEcR,3,0.639010312307029,0.372312822720782,8,0.03851,0.00972344051848031,10062076.125,884.42651,0.0307526181126091,1,2,4,0| 1| 3| 7| 9| 13| 24,NaN,,0.181735779337997| 0.200978196224007| NaN| 0.203933420273485| 0.178777553945018| 0.132438372777039| 0.166021068125093| 0.180825732049498| NaN| NaN| 0.10752722532044| NaN,0.21985,0.0208632572443862,0.020153712784152,0.00840603474070973,0.0686139652592903,0.0127309720546676,0.0187813815364206,0.0582386184635794,0.00834323612101294,0.841592416367812,0.756453698513755
MYH6_MOUSE,ELEEISERLEEAGGATSVQIEMNK,3,0.952757742234457,0.983391374338009,5,0.05753,0.00251057611481385,69184362,888.10071,0.00340306766893577,0,1,0,1,NaN,-0.0406961348322384|,0.217837694649505| 0.205055171751269| 0.195815402594926| NaN| 0.165338105953958| 0.150140673617254| NaN| NaN| NaN| NaN| NaN| NaN,0.217837694649505,0.0135299032487467,0.00209870888499118,0.0454489135986728,0.0696110864013272,0.00435127868331566,0.0500794624740329,0.0649805375259671,0.00268348094194763,0.983598172193811,0.994999480013786
MYH6_MOUSE,EFDISQQNSKIEDEQALALQLQK,3,0.558212112713591,0.833707852183998,4,0.07301,0.00770640217225788,10525361.25,892.45557,0.0104587347321873,0,1,2,0| 3| 7,NaN,,0.195464037858549| NaN| NaN| 0.170229672003484| NaN| 0.137968672672199| 0.112534986305577| NaN| NaN| NaN| NaN| NaN,0.21822,0.01636348334331,0.00740693502373984,0.0239595777641296,0.12206042223587,0.0154128043445158,0.0382722138632141,0.107747786136786,0.0109154351111044,0.957377791496162,0.987427843879763
MYH6_MOUSE,AITDAAMMAEELKKEQDTSAHLER,5,0.8091656664521,0.886066612244582,2,0.02386,0.00307172132437577,12535900,538.46515,0.00802402142847778,0,1,0,0,NaN,,0.212482949897258| NaN| NaN| NaN| NaN| NaN| NaN| NaN| NaN| NaN| 0.138788529657144| NaN,0.212482949897258,0.0138337726144228,0.00507755330358064,0,0.128619748615976,0.0082447710226652,0,0.09156268833142,0.00532831712834312,1,1
MYH6_MOUSE,RSEAPPHIFSISDNAYQYMLTDR,4,0.960834483557676,0.992523791976872,11,0.04995,0.00275257624826568,180195575.454545,678.57751,0.0088390474256752,4,2,1,1| 2| 3| 6| 7| 9| 13,NaN,-0.00475459100924604|-0.0376230748608008|-0.0670445663336829|,0.212488984237154| 0.195213394536676| 0.185447323948709| 0.187241587315175| 0.160780878843776| 0.159048129891289| 0.142001486585176| 0.1206287074832| 0.102480857834659| NaN| 0.0777540777328709| 0.0630573033678178,0.212488984237154,0.0211371753672096,0.00391320371690854,0.0433447238708913,0.0565552761291087,0.00296448137651602,0.047025726619075,0.052874273380925,0.00131242870216894,0.99365666884258,0.997368488400402
MYH6_MOUSE,RSEAPPHIFSISDNAYQYMLTDR,3,-2.1375915125607,0.00472171070435912,6,0.00015,0.0110653667416475,16378821.5,904.43427,0.047881967804154,0,1,4,0| 2| 3| 7| 9,NaN,,0.22977000203284| NaN| 0.222201451489975| 0.206333377668545| NaN| 0.145547884765212| 0.192644214175571| NaN| NaN| 0.197038456053249| NaN| NaN,0.19937,0.0198321746799697,0.0191903832396777,0,0.0442302677632801,0.0171479729480482,0,0.0178446088182435,0.00688350340726142,0.712944893945722,0.35361951255188
MYH6_MOUSE,RSEAPPHIFSISDNAYQYmLTDR,4,0.605229684042103,0.651195886263209,6,0.02316,0.00682938124337559,7527683.83333333,682.57623,0.0223729265604978,2,3,0,0| 1| 3| 7| 16,NaN,,0.190294545530041| 0.183510822965093| NaN| 0.19263673960474| NaN| 0.193591247976167| NaN| NaN| 0.166697235717474| 0.12440583230035| NaN| NaN,0.190294545530041,0.0189294009509817,0.0102173985634039,0,0.0596670313028811,0.0142018553189652,0.0107395894831812,0.0355804105168188,0.00483175067560462,0.929942445305708,0.849210680161975
MYH6_MOUSE,SIDDSEELLATDSAFDVLSFTAEEK,2,-1.15430690366469,0.326716196378101,2,0.04834,0.0542734194280885,2055773.5,1366.63721,0.0099305897049993,0,1,1,0| 1,NaN,0.0811211658820689|,0.232135425226437| 0.19498723844866| NaN| NaN| NaN| NaN| NaN| NaN| NaN| NaN| NaN| NaN,0.232135425226437,0.0220291157245127,0.00622201542260863,0,8.87855778456291,0.694953211284096,0,6.61958429829471,0.517168142241722,1,1
MYH6_MOUSE,SIDDSEELLATDSAFDVLSFTAEEK,3,-1.13106899544163,0.119927041870681,5,0.01071,0.0163663595146076,11964452.8,911.42725,0.0281197039514436,0,0,4,0| 1| 2| 3,NaN,,0.247688560942049| 0.20341008911388| 0.187982206215633| 0.170994558173964| NaN| NaN| 0.190359756179272| NaN| NaN| NaN| NaN| NaN,0.21217,0.0201344429817667,0.0157082155434144,0,0.0995569140550674,0.0320002415646761,0,0.0568645460083998,0.0166236119429126,0.895573478009031,0.487466526514597
MYH6_MOUSE,FDKIEDMAMLTFLHEPAVLYNLK,4,0.985337149336488,0.993813659066586,10,0.05919,0.00230531198697636,228889870,685.35376,0.00487980307525496,0,6,0,1| 3| 13| 16| 21| 31,NaN,-0.000947944372855016|-0.0306452517497468|-0.0709946044346076|,0.189172515802931| 0.179033235639514| 0.166274927969173| 0.165247098537898| 0.138532649211249| NaN| 0.122921732525695| 0.109381069503715| 0.0915522197097215| 0.0825409978886315| NaN| 0.0569848743978538,0.189172515802931,0.0363862240733564,0.00305243781364003,0.0534016822633859,0.0649783177366141,0.00255876021015807,0.0555692637399244,0.0628107362600756,0.00160056795347544,0.998642518537835,0.997803554411704
MYH6_MOUSE,FDKIEDMAMLTFLHEPAVLYNLK,3,-21.0725215641641,-22.2474571017495,4,0.05138,0.0159884487958838,37492567.5,913.46924,0.0123142692677591,0,0,1,7,NaN,,0.18013284163686| 0.1701258887342| 0.170508970104615| NaN| NaN| 0.174822411324481| NaN| NaN| NaN| NaN| NaN| NaN,0.18013284163686,0.0346474957577725,0.0112596742552919,0,0.205198664584892,0.0483334673528639,0,0.199512043230876,0.0465465962452244,-0.219859786103805,0.129437198271801
MYH6_MOUSE,FDKIEDMAMLTFLHEPAVLYNLK,2,NaN,NaN,1,0.02224,NaN,2347137,1369.7002,0.0481511278385038,NaN,NaN,NaN,NaNNaN,NaN,NaN,NaN,NaN,NaNNaN,NaN,NaN,NaN,NaN,NaN,NaN,NaN
MYH6_MOUSE,HDcDLLREQYEEEMEAKAELQR,4,0.341776685382502,0.341776685382502,3,0.0564,0.0136338511469757,23289610,698.8208,0.00706541760252261,0,0,0,,NaN,,0.205027528950215| 0.172274791155788| NaN| 0.164974663895818| NaN| NaN| NaN| NaN| NaN| NaN| NaN| NaN,0.205027528950215,0.0133483849719034,0.00706541760252261,0,0.345981278825304,0.0673029633144937,0,0.345981278825304,0.0673029633144937,0.867537150700299,0.867537150700299
MYH6_MOUSE,QEAHFSLVHYAGTVDYNIMGWLEK,4,0.830408766378678,0.989447217862295,6,0.05497,0.00582504942094694,640821383.333333,702.84174,0.00649034255156635,0,2,3,0| 1| 2| 3| 7,NaN,0.0436988173488427|0.0179506135991745|0.0100606927078932|,0.181024319651075| 0.170477615807093| 0.165451486970662| 0.153565544987442| 0.138542730314385| 0.130842436659121| NaN| NaN| NaN| NaN| NaN| NaN,0.181024319651075,0.0250398466054223,0.00128106526686944,0.031772741107442,0.0781672588925579,0.00902412775926507,0.0503913198428699,0.0595486801571301,0.00178118435881275,0.989152356893053,0.995416061651041
MYH6_MOUSE,ALQEAHQQALDDLQAEEDKVNTLTK,3,0.989798568645438,0.994259185393213,10,0.05734,0.00167127604464877,313719350,936.80518,0.00476513258134241,0,2,0,1| 2,NaN,-0.0212803326388804|-0.0301804001270374|,0.217486684637897| 0.201764605165987| 0.193074159373879| 0.183271299242383| 0.149988647289448| 0.150306027663631| 0.132515179381691| NaN| 0.0906552456083655| 0.073527211304823| 0.0603653141371355| NaN,0.217486684637897,0.0141595424169334,0.00363931358977738,0.0530108397812563,0.0616691602187437,0.00191373096902597,0.0540336551402397,0.0606463448597603,0.00146158936899758,0.998147527044947,0.999001619141901
MYH6_MOUSE,ALQEAHQQALDDLQAEEDKVNTLTK,2,-0.249215058623493,-0.0208480067790202,5,0.033,0.0109452506222968,3011136.4,1404.7041,0.019070938483091,1,1,0,2| 3,NaN,,0.208582707932033| NaN| 0.189766089100647| 0.195865524290105| 0.220074728529797| NaN| 0.158245266797156| NaN| NaN| NaN| NaN| NaN,0.208582707932033,0.0135798460734263,0.0136526824139824,0,0.11725439820427,0.0303461422841537,0,0.0845216291100312,0.0185566892768473,0.666554460983605,0.519990460658314
MYH6_MOUSE,ALQEAHQQALDDLQAEEDKVNTLTK,4,0.981049287218541,0.998253863520727,9,0.05567,0.00255942494871877,1229875911.11111,702.85571,0.0065582031311176,1,1,3,1| 2| 6| 7| 9,NaN,-0.0269629422932601|-0.0491999446007907|-0.018594963924547|,0.220695701656365| 0.209097054513644| 0.199408054363969| 0.187522013711547| 0.160387148139288| 0.154875541265625| 0.135419245046935| NaN| NaN| 0.0755262393052877| NaN| 0.0466498707757353,0.220695701656365,0.0143684665295305,0.0020448928674449,0.0485265137444842,0.0628134862555158,0.00309777686290255,0.0534426118266627,0.0578973881733373,0.000965908143623748,0.996575942447733,0.999800199359305
MYH6_MOUSE,QEAHFSLVHYAGTVDYNIMGWLEK,3,0.991832968903028,0.99311926982617,7,0.05288,0.00114227337696267,98712561.4285714,936.7865,0.00188300261127192,0,1,1,6| 9,NaN,-5.5880647959399E-05|-0.0331179668483509|,0.18779333133015| 0.176810099502605| 0.168469527045722| 0.162564331314391| 0.140001930598835| NaN| 0.12756068309917| 0.107578902900178| NaN| NaN| NaN| NaN,0.18779333133015,0.0259761573422396,0.0016910880873667,0.0489735313283132,0.0567864686716868,0.00159648933412488,0.0493716763286385,0.0563883236713615,0.00143377607571288,0.998549503532619,0.998261082364809
MYH6_MOUSE,NLQEEISDLTEQLGEGGKNVHELEK,3,-1.03235138309066,-0.847091692532209,5,0.05766,0.0196317385333777,14399504.2,937.13318,0.019747554115616,1,1,1,1| 2| 3,NaN,,0.204650016085993| 0.210831297083839| 0.185066930031875| 0.193364800296943| 0.177240728398325| NaN| NaN| NaN| NaN| NaN| NaN| NaN,0.204650016085993,0.0160859930805385,0.0107982220164402,0,0.234920324397155,0.0638443468844181,0.00595687491505922,0.109363125084941,0.0186220591898251,0.69176987590141,0.842348798130466
MYH6_MOUSE,NLQEEISDLTEQLGEGGKNVHELEK,4,0.946410472055993,0.994873146782604,6,0.06203,0.00302395935777391,143134316.666667,703.10168,0.00419169788402936,1,1,0,1| 2,NaN,0.0114647999333679|,0.217438073107571| 0.20465238510147| 0.190596385329886| 0.181053268932231| 0.15389196950827| 0.146456057320654| NaN| NaN| NaN| NaN| NaN| NaN,0.217438073107571,0.0170911657196465,0.00129024297598902,0.0500547516251282,0.0740052483748718,0.00465857504045204,0.0583439089388404,0.0657160910611596,0.00143395203813762,0.978927845078839,0.998897782842234
MYH6_MOUSE,QEAHFSLVHYAGTVDYNIMGWLEK,2,-1.7886159889559,0.413480815222279,7,0.03347,0.0162957689541336,7826831.57142857,1404.67615,0.0391553189890284,0,1,3,2| 3| 6| 16,NaN,-0.0840295218983509|-0.00508733185717286|,0.18317926822959| 0.163954821818547| 0.179477682583068| 0.151650800236614| 0.153625420466721| NaN| NaN| NaN| 0.0508083477321446| 0.148572133484507| NaN| NaN,0.18317926822959,0.0253379257914267,0.0241891818317431,0,0.0908212888572708,0.0234382324943648,0,0.0700908857507295,0.0149661646926764,-0.0700789224062169,0.663842773027171
MYH6_MOUSE,QEAHFSLVHYAGTVDYNImGWLEK,4,0.973866567025063,0.973866567025063,7,0.05002,0.00191850559230365,64566418.5714286,706.84045,0.00317999919694542,0,0,0,,NaN,,0.183784088248082| 0.172858604153183| 0.172272027081927| 0.157716962532078| 0.139308690433712| NaN| 0.119421225630173| 0.112796556470194| NaN| NaN| NaN| NaN,0.183784088248082,0.0254215863764581,0.00317999919694542,0.0434213104501121,0.0566186895498879,0.00269674183283502,0.0434213104501121,0.0566186895498879,0.00269674183283502,0.988247282083424,0.988247282083424
MYH6_MOUSE,DTQLQLDDAVHANDDLKENIAIVER,4,0.956313376615276,0.993265956196089,10,0.05735,0.00318934526654723,635340680,709.6084,0.0090107605415223,2,2,3,1| 2| 3| 6| 9| 16| 24,NaN,-0.0728691148811402|,0.220509062169025| 0.204449930162653| 0.197058809380348| 0.192782739875974| 0.165033817235417| 0.147400836775975| 0.143681030552203| 0.110473964412035| 0.102001104177425| NaN| 0.0651918275737705| NaN,0.220509062169025,0.018168430995595,0.003598590606323,0.0491448082731662,0.0655551917268338,0.00362715370210858,0.0540731261184669,0.0606268738815331,0.00144856154815679,0.995001700228984,0.996688503651231
MYH6_MOUSE,DTQLQLDDAVHANDDLKENIAIVER,3,0.957806906377222,0.980845754306135,6,0.05853,0.00324667906854293,97147163.3333333,945.80884,0.00512802580569125,0,3,0,1| 2| 3,NaN,-0.0275243806030322|,0.213301671707075| 0.202527958230592| 0.181412443123235| 0.179657900602111| 0.153118340768175| NaN| NaN| 0.102996270895107| NaN| NaN| NaN| NaN,0.213301671707075,0.0175745915634275,0.00355168672270656,0.0456895447949726,0.0713704552050274,0.00499515519458471,0.0496366605369673,0.0674233394630327,0.003459660121596,0.992981076401658,0.995420244401756
MYH6_MOUSE,DTQLQLDDAVHANDDLKENIAIVER,2,-0.485626272242424,-0.589648050424537,7,0.06383,0.0191370186284051,3075777.71428571,1418.20959,0.0305329454770726,2,0,1,0| 3| 7,NaN,,0.163286524621598| 0.185223186927091| 0.175064193614433| 0.147533375081109| 0.140351167383364| 0.218883676478053| 0.127254518962392| NaN| NaN| NaN| NaN| NaN,0.2041,0.0168164370648792,0.0276063659803622,0,0.140693498109546,0.0314124507908651,0.00395463956354584,0.123705360436454,0.0244697660079804,0.212640036460631,0.198751313798755
MYH6_MOUSE,KALQEAHQQALDDLQAEEDKVNTLTK,5,0.535663257852674,0.877821831083754,3,0.0542,0.00987576994244839,82827150,588.10498,0.00787720929228263,0,0,2,0| 6,NaN,,0.185019891743265| 0.194962740218477| NaN| NaN| 0.135191539587191| NaN| NaN| NaN| NaN| NaN| NaN| NaN,0.185019891743265,0.0114915889024979,0.00457020456677267,0,0.364173507361217,0.0720424182081965,0,0.352011965191795,0.0692158963080357,0.993982230768111,0.944164457533247
MYH6_MOUSE,KALQEAHQQALDDLQAEEDKVNTLTK,3,0.572365838831258,0.698999226115004,7,0.03711,0.00961660187721544,8551931.14285714,979.50348,0.0234007045645896,2,2,2,0| 1| 2| 3| 7| 16,NaN,,0.20344722088092| 0.204118246536725| 0.155680001460064| 0.168309544021726| NaN| 0.182847634936048| NaN| 0.127074058454887| 0.117220760288643| NaN| NaN| NaN,0.20344722088092,0.0126361106564874,0.013386458871888,0.00383217304951975,0.0703878269504802,0.0135999287987006,0.0180732970413845,0.0561467029586155,0.00777988914914554,0.800271992381057,0.862305686666576
MYH6_MOUSE,KALQEAHQQALDDLQAEEDKVNTLTK,4,0.929626177873771,0.947386935277663,6,0.0566,0.00541990803350487,143636655,734.87946,0.0083598426270105,1,2,0,0| 1| 2,NaN,0.0132396355307902|-0.00263721032358965|,0.202097609190244| 0.182865671771776| 0.171139548072004| 0.181193438800672| NaN| 0.14477363011993| NaN| NaN| NaN| 0.0709444759559195| NaN| NaN,0.202097609190244,0.0125522862493865,0.00695190780277537,0.0350161471016964,0.0781838528983036,0.00839648542069607,0.0386512224843962,0.0745487775156038,0.00698237934807876,0.986174555873976,0.988212828114681
MYH6_MOUSE,QLEVEKLELQSALEEAEASLEHEEGK,4,0.769045468102127,0.803506976069372,7,0.04349,0.00518671024146231,53382752.8571429,735.36865,0.00936463629666891,0,1,1,0| 1,NaN,,0.184524573414831| 0.192480877081952| 0.193031078649497| 0.168326352679618| 0.153265784030993| 0.148353095849889| 0.140614492185212| NaN| NaN| NaN| NaN| NaN,0.184524573414831,0.00682672030954713,0.00683023184238586,0.0255416178103814,0.0614383821896186,0.00733511596757543,0.0303990899350302,0.0565809100649698,0.00534997207175552,0.97244946711522,0.941204557936408
MYH6_MOUSE,QLEVEKLELQSALEEAEASLEHEEGK,3,0.808420311486216,0.944489617594101,7,0.07366,0.0114185517510872,3429518.71428571,980.15576,0.0163645943774225,1,0,2,2| 6| 21,NaN,,0.183181411589082| 0.167266494410175| 0.172712801507255| 0.145722262900335| 0.143331675969927| NaN| 0.0955613645974532| NaN| NaN| 0.0491812985071265| NaN| NaN,0.183181411589082,0.00677702833657484,0.00800976465510473,0.0339766011736495,0.11334339882635,0.0162177476111017,0.054236684152205,0.093083315847795,0.0079378894829211,0.926221946288404,0.978321651696345
MYH6_MOUSE,ENPNANKGTLEDQIIQANPALEAFGNAK,3,0.485047334894119,0.896626773340552,7,0.04462,0.00700495271376001,10186912,989.83173,0.0146676890832614,0,2,0,9| 16,NaN,,0.192743724576643| 0.189336538914166| 0.190965440489077| 0.172020419218864| 0.14702144373088| NaN| 0.140943418128143| NaN| 0.115083882955958| NaN| NaN| NaN,0.192743724576643,0.00902428043725474,0.00686589270047579,0.0204571686502546,0.0687828313497454,0.00987482705588161,0.0333094652289592,0.0559305347710408,0.00462237115994028,0.818080694100256,0.980068849001929
MYH6_MOUSE,EEQAEPDGTEDADKSAYLMGLNSADLLK,3,0.855775001826764,0.923902544448625,9,0.04926,0.00535386802846912,21080704.4444444,1004.13263,0.0129825796960362,0,0,3,1| 3| 7,NaN,,0.176455461394453| 0.172684040993322| 0.146061667870527| 0.162404965536479| 0.140822210112999| 0.147039534606903| NaN| 0.0960170684593842| 0.0976848155918875| 0.0670060721784733| NaN| NaN,0.176455461394453,0.00951551069833668,0.00862009167779598,0.0341097725411245,0.0644102274588755,0.00656990472314235,0.0392006471831756,0.0593193528168244,0.00436224404962928,0.945170479280927,0.967678938845863
MYH6_MOUSE,KQLEVEKLELQSALEEAEASLEHEEGK,5,-12.4643223767591,0.396087520992712,2,0.03432,0.0366727286615816,6208469.5,614.11536,0.0116659215425947,1,1,0,0| 2,NaN,,0.19785066211| NaN| 0.155620891368558| NaN| NaN| NaN| NaN| NaN| NaN| NaN| NaN| NaN,0.1769,0.00654463955889477,0.00669884770999351,0,4.31397368469364,0.336816049606514,0,2.2726502522566,0.176160411291267,1,1
MYH6_MOUSE,NDLQLQVQAEQDNLNDAEERcDQLIK,3,0.873111528496813,0.944040869829525,6,0.04703,0.00407770638057721,14674413.1666667,1033.82642,0.00673374944946554,0,3,0,1| 2| 9,NaN,,0.189542155206698| 0.189267232185389| 0.169190487827938| NaN| 0.150229357099149| 0.139357951103031| 0.135330601880342| NaN| NaN| NaN| NaN| NaN,0.189542155206698,0.0102212217825513,0.00368762053588046,0.0308561077051408,0.0632038922948591,0.00629191884736979,0.0381726497497059,0.0558873502502941,0.00344565970649469,0.940970427231681,0.981531843294187
MYH6_MOUSE,KPELLDMLLVTNNPYDYAFVSQGEVSVA,3,0.996050496448705,0.998540081605557,4,0.05282,0.000784920627068299,22830910,1038.1897,0.000773789154279732,1,0,0,1,NaN,0.0144870917964457|,0.15452515518628| 0.147430446740182| NaN| NaN| 0.11844281060006| NaN| 0.103374535198495| NaN| NaN| NaN| NaN| NaN,0.15452515518628,0.0168896050023235,0.000460654597501116,0.047827151108656,0.057812848891344,0.0015688713690163,0.0498476414657597,0.0557923585342403,0.000933985446846884,0.999348444441213,0.999914041185416
MYH6_MOUSE,ENKNLQEEISDLTEQLGEGGKNVHELEK,4,-1.56504910509166,-1.85122898861463,3,8E-05,0.0336656804722559,12229729.6666667,795.89679,0.0700402716397695,0,2,0,0| 13,NaN,,0.211915400708528| 0.171716967557295| NaN| NaN| NaN| NaN| NaN| 0.192568098463336| NaN| NaN| NaN| NaN,0.16979,0.0100604841209508,0.0138586469266105,0,0.354897519618873,0.0824648285383631,0,0.0702976256443648,0.0163196125866427,-0.826997752588592,0.0475925486374624
MYH6_MOUSE,ENKNLQEEISDLTEQLGEGGKNVHELEK,5,-0.284185912369921,-0.0828803185655029,2,0.07621,0.0921916683991665,11355432,636.91888,0.0145948176920482,0,0,1,1,NaN,,0.181606553022599| 0.134151434619761| NaN| NaN| NaN| NaN| NaN| NaN| NaN| NaN| NaN| NaN,0.181606553022599,0.01076064457827,0.0100801656882045,0,2.00344691280206,0.151676834494217,0,4.11365299287404,0.317753654748978,1,1
MYH6_MOUSE,SDLSRELEEISERLEEAGGATSVQIEMNK,4,-0.192349403515338,0.145655322622413,5,0.02607,0.0161985334789443,2666663.8,805.89636,0.0202295396547515,0,1,2,0| 1| 9,NaN,,0.180257009191872| 0.180728856535453| 0.127737900515862| 0.152434256461048| NaN| NaN| 0.146707549557058| NaN| NaN| NaN| NaN| NaN,0.16321,0.00576036201419304,0.012184733101813,0,0.140728370160188,0.0412968259118596,0,0.105385460778484,0.0285672713759305,0.0148523391703249,0.480607758391142
MYH6_MOUSE,QREEQAEPDGTEDADKSAYLMGLNSADLLK,4,-3.45187404726093,-3.78995851901744,6,0.00132,0.0302191579463741,392881600,824.39124,0.0588918845777631,0,6,0,0| 1| 3| 6| 7| 9,NaN,,0.220761713757739| 0.225860547458155| NaN| 0.187207652745249| 0.18978287856601| 0.173534538890119| 0.17234303910736| NaN| NaN| NaN| NaN| NaN,0.15434,0.00598537386883964,0.0326951772372111,0,0.122769669456574,0.04724598447484,0,0.0691878802262376,0.0264017582744895,0.898912153003309,0.912747831786139
MYH6_MOUSE,QREEQAEPDGTEDADKSAYLMGLNSADLLK,3,-0.649576410973158,0.173291534010902,4,0.04361,0.0197234756536102,16938420,1098.85254,0.0158051685052427,0,3,1,0| 1| 3| 6,NaN,0.0391914484804346|,0.161976065755092| 0.168049549082264| NaN| 0.135345736098494| 0.136295639881102| NaN| NaN| NaN| NaN| NaN| NaN| NaN,0.161976065755092,0.00628150389625489,0.00774663767046072,0,0.267123817131508,0.0702333348972582,0,0.207817799443489,0.0515979795748861,0.826448505862151,0.839851160150237
MYH6_MOUSE,VSQGEVSVASIDDSEELLATDSAFDVLSFTAEEK,3,0.74059249938907,0.89872262745003,7,0.03613,0.00438175349061118,15268500.7142857,1196.90356,0.0062631163265137,0,2,2,2| 3| 6| 9,NaN,-0.0381611400539961|,0.143376614699033| 0.137496302776322| 0.138635458625316| 0.130989488926881| 0.12201040982739| 0.116378830771656| 0.109659707646387| NaN| NaN| NaN| NaN| NaN,0.143376614699033,0.00506035907748239,0.00283906663798999,0.0210196023263344,0.0512403976736657,0.00617529301981477,0.0292804663676037,0.0429795336323963,0.00279925638905188,0.921755613640786,0.990307519716307
MYH6_MOUSE,NSQAHLKDTQLQLDDAVHANDDLKENIAIVER,4,-3.39499887389722,-0.422038308301345,2,7E-05,0.13139633732991,4261246,904.21057,0.0501599038580104,0,2,0,0| 3,NaN,,0.263112687855738| NaN| NaN| 0.104659800539378| NaN| NaN| NaN| NaN| NaN| NaN| NaN| NaN,0.13241,0.00513491871176012,0.0385700484519766,0,5.78967039418265,0.455651432858523,0,4.45035780668206,0.350245246249636,-2,-2
MYH6_MOUSE,NSQAHLKDTQLQLDDAVHANDDLKENIAIVER,5,0.517451091774259,0.402684017123352,7,0.04224,0.0106163898547848,24795928.4285714,723.56989,0.0133736003145804,2,3,0,0| 1| 2| 7| 9,NaN,,0.133326885569334| 0.117794076872825| 0.13737753222292| 0.136101479463376| 0.124520424363741| 0.0976691359511306| 0.095372694708206| NaN| NaN| NaN| NaN| NaN,0.133326885569334,0.00517047594207893,0.00964439503769403,0.00550245081816164,0.0789775491818384,0.0150138425160767,0.015746652756769,0.068733347243231,0.0108272585431542,0.89939593997733,0.763172125690672
MYH6_MOUSE,QYFIGVLDIAGFEIFDFNSFEQLcINFTNEK,3,0.752468393654045,0.852708272120275,8,0.03622,0.0047331773428417,3826783.875,1240.26404,0.00654441504554769,0,3,1,1| 6| 7| 9,NaN,,0.116292638036759| 0.118385575519618| 0.103284219864664| 0.100416942416106| 0.0854194263963101| 0.0973220826780033| 0.0871531321668452| 0.0772972469511889| NaN| NaN| NaN| NaN,0.116292638036759,0.0110359027654728,0.00427457547949071,0.021727001844577,0.050712998155423,0.00612909139762242,0.0267536971893886,0.0456863028106114,0.00400330107694777,0.894837404282965,0.927915753156465
MYH6_MOUSE,SEAPPHIFSISDNAYQYMLTDRENQSILITGESGAGK,4,0.863986182977716,0.792282901598332,5,0.03416,0.00312298368439647,26256959,1010.73901,0.0035833990927292,1,0,1,3| 13,NaN,,0.106767372660914| 0.0976358285375918| NaN| 0.0934757279679674| NaN| NaN| 0.085751664377836| 0.075291615171061| NaN| NaN| NaN| NaN,0.106767372660914,0.00270992554467616,0.0031410950024707,0.0191844966148888,0.0491355033851112,0.0053937689448523,0.0210329444794747,0.0472870555205252,0.00472800830684298,0.942105651609409,0.969175040862642
MYH6_MOUSE,mVSLLQEK,2,0.893658087670592,0.954154402893185,4,0.04032,0.0024046327753692,259718350,482.2626,0.00988116737851822,1,2,0,9| 13| 31,NaN,0.0173053851205717|0.0113334200740921|,NaN| NaN| NaN| NaN| NaN| NaN| 0.492529989529512| 0.467805465110064| NaN| NaN| 0.39643575350954| 0.372697850479289,NaN,NaN,0.00609601649593066,0.0250147706182955,0.0556252293817045,0.00480926555073841,0.0308777016145167,0.0497622983854833,0.00296699377791623,0.994931901117923,0.998208296461681
MYH6_MOUSE,DALLVIQWNIR,3,0.784539800888439,0.839950265451257,2,0.04071,0.00396576686108854,4642142.5,447.59433,0.0114000773076727,0,1,0,21,NaN,,NaN| NaN| NaN| NaN| NaN| NaN| 0.377250602808667| NaN| NaN| 0.265227406124422| NaN| NaN,NaN,NaN,0.0091480771747557,0,0.246877868361168,0.0162257631325548,0,0.217118879905509,0.0138836799477005,1,1
MYH6_MOUSE,ENIAIVER,2,0.987761747563329,0.995286874435759,6,0.05311,0.00146459577302364,2090249500,472.26398,0.00537089006691385,0,3,0,1| 3| 7,NaN,0.0226394281627813|0.00901145883773173|0.019690240728045|,NaN| 0.566489986240859| 0.553894006424293| 0.534868317299238| NaN| 0.477843996624842| 0.449424969777557| NaN| 0.378468871818334| NaN| NaN| NaN,NaN,NaN,0.00320210550429451,0.0472774988717517,0.0589425011282483,0.00226894201513853,0.0496326836271293,0.0565873163728707,0.00135273513795357,0.9980192102254,0.999560130870851
MYH6_MOUSE,KNMEQTIK,2,0.897290377673305,0.972750717827964,3,0.03918,0.00391503081117287,2424475.33333333,496.26566,0.0130147838790239,1,1,0,21| 24,NaN,,NaN| 0.561589488427697| NaN| NaN| NaN| NaN| NaN| NaN| NaN| 0.405174494327126| 0.389905171578759| NaN,NaN,NaN,0.00640358186375801,0,0.137573010310023,0.0228679878414827,0.0188782670848355,0.0594817329151644,0.0047184223757581,0.962411468825203,0.999994103911487
MYH6_MOUSE,RDALLVIQW,2,0.735415690955635,0.735415690955635,2,0.0719,0.00753358600078367,2543924.5,557.3244,0.010537664469623,0,0,0,,NaN,,NaN| 0.481182873398938| NaN| NaN| NaN| NaN| NaN| 0.380821188363045| NaN| NaN| NaN| NaN,NaN,NaN,0.010537664469623,0,0.978302707393685,0.0713354401429432,0,0.978302707393685,0.0713354401429432,1,1
MYH6_MOUSE,VLEQEEYKK,2,0.97097636283893,0.986399036935376,5,0.07145,0.00383587209430689,25562824,583.30859,0.00989721080606883,1,2,0,13| 21| 24,NaN,-0.0154760917980466|,NaN| 0.488007336155141| NaN| NaN| NaN| NaN| NaN| 0.329155038464088| NaN| 0.292400652732969| 0.25304755342657| 0.235792295578699,NaN,NaN,0.00678731645015888,0.0530035059590895,0.0898964940409105,0.00664392535867516,0.0587997498532761,0.0841002501467239,0.00455627598160408,0.986432589636934,0.994983662220258
MYH6_MOUSE,NYHIFYQIL,2,0.923816929824697,0.989079718301916,7,0.0488,0.0037368387233341,116996532.857143,605.81641,0.0104741347388561,3,3,1,1| 2| 3| 7| 13| 16| 21,NaN,0.0231281258988277|0.03973043458928|0.02154428963681|0.0428188279790307|-0.0014944629147008|0.0155303236926693|0.0181848240782206|,NaN| 0.467132874908957| 0.443040420518071| 0.442806549333675| NaN| 0.408966827166157| NaN| 0.369015220421455| 0.360263058021228| 0.337949424385953| NaN| NaN,NaN,NaN,0.00363752959448508,0.0358688342966972,0.0617311657033028,0.00528468800294005,0.0443091757830402,0.0532908242169598,0.00183530281857097,0.993696237946586,0.995493482920136
MYH6_MOUSE,AGLLGLLEEmR,2,0.911259316997766,0.997662005824725,3,0.10073,0.0119633501115749,160476233.333333,609.33154,0.01357610872074,1,0,0,1,NaN,,NaN| 0.450411557312897| NaN| NaN| 0.330435906489238| NaN| NaN| NaN| NaN| NaN| NaN| 0.184771933783075,NaN,NaN,0.00262593992299611,0,0.299906124473959,0.0462914710956878,0.0763421108782083,0.125117889121792,0.0056681053883738,0.995914637792074,0.999160099287411
MYH6_MOUSE,RDALLVIQWN,2,0.986572122032889,0.996531385739424,6,0.05879,0.00176603831324055,124947763.333333,614.34583,0.00598371619233609,0,0,2,21| 31,NaN,0.025055065762111|,NaN| 0.465455143871677| NaN| NaN| 0.403105303249416| NaN| NaN| 0.335718256940172| NaN| 0.295330868503364| 0.272962884598717| 0.25313296231353,NaN,NaN,0.0031229474059877,0.0517570557267551,0.0658229442732449,0.00273593479037795,0.0551194524057279,0.0624605475942721,0.00142790536548268,0.997036876366208,0.999177007475778
MYH6_MOUSE,LQDLVDKLQLK,3,0.941040342002574,0.963318370310144,8,0.08352,0.00820363074663157,421439766.25,438.26599,0.0175018670697641,3,2,1,1| 3| 6| 13| 16| 24,NaN,0.0173181036812029|-0.00749417579647806|,NaN| 0.448285140239636| 0.450973007510185| 0.428006229780455| 0.387423882542031| NaN| NaN| 0.303747684543461| 0.29637568148287| 0.266972827587986| 0.234903074511116| NaN,NaN,NaN,0.0126635547329189,0.0581213960256899,0.10891860397431,0.0107410739628304,0.0651427257191285,0.101897274280872,0.00777175243512267,0.991335547124132,0.992508137797865
MYH6_MOUSE,KEQDTSAHLER,3,0.955643038610251,0.986865585361065,7,0.05213,0.00292311370375354,4672976.85714286,438.55298,0.0146823236433498,0,5,0,1| 3| 13| 21| 24,NaN,0.0301070823740821|-0.00403993109344643|-0.0226906170029794|,NaN| 0.473293980503122| NaN| 0.440988293381874| 0.382493467203412| NaN| 0.341875338082331| 0.306231710056946| NaN| 0.252160129010568| 0.250000299814878| NaN,NaN,NaN,0.00710254309017248,0.042014693862542,0.062245306137458,0.00413390704420691,0.0472367419941991,0.0570232580058009,0.00199976881217613,0.983540421299328,0.99397516111648
MYH6_MOUSE,LQQFFNHHMF,3,0.98227588270473,0.992385069595615,3,0.06172,0.00418099614048471,794008433.333333,450.21338,0.00580279442431187,2,0,1,1| 2| 24,NaN,0.0123025423006478|0.0109945292257108|-0.0160589392709746|,NaN| 0.413970170659468| 0.395359825300313| NaN| NaN| NaN| NaN| NaN| NaN| NaN| 0.228897937610735| NaN,NaN,NaN,0.00363038226963657,0.0176552117886724,0.105784788211328,0.0102413071607334,0.0341518984716291,0.0892881015283709,0.00640723369045379,0.999804230245922,0.999792287969702
MYH6_MOUSE,LTGAIMHYGNmK,3,0.979498169042566,0.994296940354917,2,0.04856,0.00223832349415426,303741500,451.22141,0.00387392048679022,1,1,0,1| 16,NaN,0.0164239491604449|-0.0286463494453915|,NaN| 0.417776640415508| NaN| NaN| NaN| NaN| NaN| NaN| 0.300579495459959| NaN| NaN| NaN,NaN,NaN,0.00180661398554528,0,0.728929926286258,0.0535462744713225,0.00261439330807715,0.0945056066919228,0.0036159976677776,1,1
MYH6_MOUSE,LSYTQQmEDLK,2,-0.240172586446511,-0.527180359777566,8,0.0024,0.00330832530742779,54453936.25,686.32666,0.0341633953637008,2,2,0,2| 7| 9| 21,NaN,0.0437920047025719|,NaN| 0.460992170736021| 0.367301839190483| NaN| 0.416203450555501| 0.390838370462752| 0.437617820969514| 0.419673155131925| NaN| 0.423685221441735| NaN| 0.443792047025296,NaN,NaN,0.0281179976604703,0,0.0127863871697569,0.00439240490972619,0,0.0110041469431385,0.00363869521320106,-0.323448850967897,-0.31629369598195
MYH6_MOUSE,KGSSFQTVSALHR,4,0.971026202059645,0.995261350165203,3,0.03976,0.00332299259412093,41840460,355.19412,0.00964351335413865,0,0,1,31,NaN,,NaN| 0.433652831883197| 0.423683181248098| NaN| NaN| NaN| NaN| NaN| NaN| NaN| NaN| 0.231249306447801,NaN,NaN,0.00320622711656982,0.00473797176374019,0.0747820282362598,0.00813963627464368,0.0281160511107521,0.0514039488892479,0.00270622558235768,0.999903620681124,0.999981360979005
MYH6_MOUSE,KGSSFQTVSALHR,2,0.8551850190157,0.953929670205364,5,0.0285,0.00394297037456966,12930898.8,709.38098,0.0212888245579068,2,0,2,1| 2| 9| 31,NaN,,NaN| 0.434312362541743| 0.445472904937594| NaN| NaN| NaN| 0.351304418680506| 0.329163845839316| NaN| NaN| NaN| 0.25321657885072,NaN,NaN,0.00984010609342873,0.00953847632825502,0.047461523671745,0.00682942502149354,0.0197356173486463,0.0372643826513537,0.00315669221594735,0.976991470930059,0.983626294262474
MYH6_MOUSE,MFVLEQEEYKK,3,0.97717789766171,0.985222800933826,7,0.07375,0.00330619292473879,654717414.285714,481.9111,0.00774736945413433,1,0,3,1| 7| 9| 31,NaN,0.00157883758265687|0.00950754907723805|0.0402307830487962|,NaN| 0.393307361488964| NaN| 0.370143572114006| 0.329436684792159| 0.321640775531627| 0.28703179843684| 0.256269138290543| NaN| NaN| NaN| 0.193834456650771,NaN,NaN,0.00586480234471759,0.062309065102296,0.085190934897704,0.00467566287398757,0.065089147795771,0.082410852204229,0.00353950314991598,0.996015910112449,0.99671792320787
MYH6_MOUSE,TVDYNIMGWLEK,2,-95.7271256129211,-3.11740649777458,3,10.10276,8186.08894464973,12217076.6666667,734.86066,0.064805116310811,0,3,0,1| 2| 13,NaN,,NaN| 0.166701642433013| 0.191465080036072| NaN| NaN| NaN| NaN| 0.195447604250797| NaN| NaN| NaN| NaN,NaN,NaN,0.0129019273488821,0.797524127342362,19.4079958726576,2.16267415873937,5.74904466269766,14.4564753373023,1.01186770366111,-2,-2
MYH6_MOUSE,LTQESImDLENDK,2,0.550806670496224,0.550806670496224,4,0.05638,0.0140963908984723,36671775,776.36395,0.0333692823812131,0,0,0,,NaN,,NaN| 0.340473543834514| 0.41449367175872| NaN| NaN| NaN| 0.233890237826084| 0.19664611679625| NaN| NaN| NaN| NaN,NaN,NaN,0.0333692823812131,0,0.142882833160977,0.0271812388555023,0,0.142882833160977,0.0271812388555023,0.918198686860528,0.918198686860528
MYH6_MOUSE,AITDAAmmAEELKK,3,0.568180503373526,0.659476180883114,6,0.03756,0.00904574752442931,30902645,518.58984,0.0300439811617,1,3,2,1| 2| 3| 6| 7| 13,NaN,0.0127404522108494|,NaN| 0.3645939151649| 0.360862025642147| 0.398864789390728| 0.353686753614584| 0.323103593549009| NaN| 0.285523689027578| NaN| NaN| NaN| NaN,NaN,NaN,0.0146692663089469,0.00153686405091651,0.0735831359490835,0.0140136118064447,0.0199713531533514,0.0551486468466486,0.0068422824003431,0.961021198886933,0.859897266592348
MYH6_MOUSE,NAYEESLEHLETF,2,0.248600618569016,0.868306639374108,3,0.06439,0.00573989972088551,36132266.6666667,791.35699,0.00886916980923067,0,2,0,1| 7,NaN,-0.0223197940730554|,NaN| 0.3789799046349| NaN| 0.348712028154119| NaN| 0.309596402184158| NaN| NaN| NaN| NaN| NaN| NaN,NaN,NaN,0.00515354872433511,0.00389545347172791,0.124884546528272,0.0140598254909131,0.0292388415718979,0.0995411584281021,0.00816964803714301,0.997433558386592,0.997720945493071
MYH6_MOUSE,AYEESLEHLETFK,2,-0.00707341138228301,0.155982405843245,3,0.9604,0.486620861924671,2604110,798.383,0.0661382151121795,0,0,3,1| 2| 13,NaN,,NaN| 0.248964162213821| 0.109842531558359| NaN| NaN| NaN| NaN| 0.184017657056337| NaN| NaN| NaN| NaN,NaN,NaN,0.0261085685163829,0,11.9390307178737,2.55159581947348,0,5.69649195853747,1.10073767417751,0.443924292613264,0.580960221790068
MYH6_MOUSE,AGLLGLLEEMRDER,3,0.51248139040776,0.788886783212367,2,0.06201,0.005001494386772,1505939500,534.61536,0.00403473457631091,0,0,1,3,NaN,0.0120553779209559|,NaN| 0.378158412094804| NaN| 0.345631815375822| NaN| NaN| NaN| NaN| NaN| NaN| NaN| NaN,NaN,NaN,0.00305063828224841,0,2.01202737700214,0.153469695909036,0,2.00624420414328,0.153014550334178,1,1
MYH6_MOUSE,AGLLGLLEEMRDER,2,-3.2402720221728,0.811281875621908,3,0.06287,0.00761911845893329,76851843.3333333,801.41937,0.0073607581272841,0,0,1,3,NaN,,NaN| 0.37080696060204| 0.353309434046148| 0.321973485066911| NaN| NaN| NaN| NaN| NaN| NaN| NaN| NaN,NaN,NaN,0.00438788252100568,0,0.433279889658823,0.0860887254734196,0.0150015802488174,0.110738419751183,0.0111253272708288,0.480594312243631,0.983787493901016
MYH6_MOUSE,AGTVDYNImGWLEK,2,0.913106615217015,0.992549999507375,4,0.07302,0.0110958763420795,22132275,806.88739,0.0159052723352706,2,1,1,1| 2| 13| 31,NaN,,NaN| 0.366725145756575| 0.338011997404763| NaN| NaN| NaN| NaN| 0.22474686630211| NaN| NaN| NaN| 0.171035861615905,NaN,NaN,0.00399581150857427,0.00239593866885562,0.143644061331144,0.022191752684159,0.0552774281596266,0.0907625718403734,0.00557513627567119,0.978713924813499,0.996642810923825
MYH6_MOUSE,SFEQLcINFTNEK,2,-0.0852136089194282,-0.0852136089194282,3,0.0058,0.00951713846973864,4525004,815.38251,0.0208912283825465,0,0,0,,NaN,,NaN| 0.424462206951461| 0.330721012562881| NaN| NaN| NaN| 0.403058298083569| NaN| NaN| NaN| NaN| NaN,NaN,NaN,0.0208912283825465,0,0.12298253763401,0.0272349513182408,0,0.12298253763401,0.0272349513182408,-0.185450598622012,-0.185450598622012
MYH6_MOUSE,GIMSILEEEcMFPK,3,0.979507737090718,0.996756586169866,3,0.05013,0.00311335037117885,10856575.6666667,561.93121,0.00565735949420063,0,1,0,1,NaN,,NaN| 0.32621988969422| 0.318991245036211| NaN| NaN| NaN| NaN| NaN| NaN| NaN| 0.169477692006753| NaN,NaN,NaN,0.00205722508666949,0.0173174548255983,0.0829425451744017,0.00762611979989278,0.0381981453672067,0.0620618546327933,0.00277313912654283,0.994929530410982,0.999730351533343
MYH6_MOUSE,GIMSILEEEcMFPK,2,0.888785690712525,0.960510575637297,7,0.10367,0.00897640803616478,96701405.7142857,842.39313,0.0144819692576035,2,4,0,1| 2| 3| 6| 7| 9,NaN,-0.056659659995832|,NaN| 0.29987707535252| 0.277888507391956| 0.275740606629707| 0.23560967000673| 0.228782643643012| 0.202822736289062| NaN| NaN| NaN| NaN| 0.106412869946482,NaN,NaN,0.00911941755396315,0.0726075356203384,0.134732464379662,0.0126945579861391,0.0841097055473298,0.12323029445267,0.00799386967886418,0.967858154703745,0.987812623202097
MYH6_MOUSE,NHHMFVLEQEEYK,4,0.259608388484741,0.923885392122156,2,0.04045,0.00937415440416907,17066733,426.7016,0.0150450091484116,0,2,0,1| 9,NaN,,NaN| 0.351444265607058| NaN| NaN| NaN| NaN| 0.284530873219176| NaN| NaN| NaN| NaN| NaN,NaN,NaN,0.00376826498369216,0,1.06200670613138,0.080398256391357,0,0.75825293998249,0.0564923165408302,1,1
MYH6_MOUSE,HHMFVLEQEEYKK,3,0.590922499908142,-1.32559580785741,2,0.05554,0.0117772662224164,10396260,573.28375,0.0123852290930215,0,1,0,1,NaN,,NaN| 0.305376198045038| NaN| NaN| 0.280265428877736| NaN| NaN| NaN| NaN| NaN| NaN| NaN,NaN,NaN,0.00781666523653646,0,1.62474482419796,0.123499098022852,0,0.770206485031744,0.0562454721828259,1,1
MYH6_MOUSE,QVQAEQDNLNDAEER,2,0.889071695815655,0.893049153225095,3,0.05943,0.00511689889458566,1206399.33333333,879.89807,0.00974762253649902,1,1,0,2| 9,NaN,0.024314332760226|,NaN| 0.371481683470975| 0.3224884618184| NaN| NaN| NaN| 0.248114452089561| NaN| NaN| NaN| NaN| NaN,NaN,NaN,0.00829332302696143,0.00550144840307036,0.11335855159693,0.0125337913571462,0.0135473350635171,0.105312664936483,0.0106638085428659,0.973101012808867,0.965515677711043
MYH6_MOUSE,KAPGVMDNPLVMHQLR,4,0.319118759108822,0.597241977745727,9,0.01063,0.00470814402729549,577161737.777778,452.24329,0.0347534960457773,0,6,0,1| 2| 3| 6| 7| 21,NaN,0.083834225602153|,NaN| 0.362418887863863| 0.339469902013793| 0.341344401007872| 0.295502704159215| 0.329252696366429| 0.281454973103615| 0.25554924229432| NaN| 0.257217363840668| 0.253839504791285| NaN,NaN,NaN,0.0219014074005996,0,0.026395105873855,0.00683654709624844,0.00225029025631636,0.0190097097436836,0.00363386587911171,0.838687431713132,0.894014712725712
MYH6_MOUSE,KAPGVMDNPLVMHQLR,2,-2.21662016295378,-0.38453884647573,5,4E-05,0.0105082554030646,6284961,903.47931,0.0678671327148084,0,4,0,1| 2| 9| 24,NaN,,NaN| 0.347455070828042| 0.360659345738147| NaN| 0.333944777281346| NaN| 0.305443551732222| NaN| NaN| NaN| 0.327283763006565| NaN,NaN,NaN,0.0142004707181739,0,0.050584173603252,0.0182046363927565,0,0.010628583406638,0.00381371970477362,-0.789073144222243,0.504711125894817
MYH6_MOUSE,GTLEDQIIQANPALEAF,2,0.988150271871578,0.996820247225127,5,0.06417,0.00161947713747109,32948098,915.46759,0.00489034398211306,0,0,2,1| 7,NaN,0.0463121532071571|0.0481858648059204|,NaN| 0.32320700607024| NaN| NaN| NaN| 0.239129628351799| 0.217801588136444| 0.187731488998619| NaN| 0.129522500229569| NaN| NaN,NaN,NaN,0.00231634302246173,0.0563820251584799,0.0719579748415202,0.00280501668379613,0.0604811754000855,0.0678588245999145,0.00132861427481681,0.998720109196976,0.998904953266608
MYH6_MOUSE,PMGIMSILEEEcMFPK,3,0.949720863897709,0.963869648447354,7,0.04848,0.00378217391955903,32897171.4285714,637.96228,0.011450389729958,4,2,0,1| 2| 3| 13| 21| 24,NaN,-0.0171775820508419|-0.0119682529013854|,NaN| 0.303016590604223| 0.282534511675239| 0.26122003824038| 0.230347231790224| NaN| NaN| 0.185955137126576| NaN| 0.147862884305023| 0.126065431707512| NaN,NaN,NaN,0.00914784383423874,0.0353919538482808,0.0615680461517192,0.00534880165229419,0.0380238142181318,0.0589361857818682,0.00427321718906113,0.995511555591044,0.993951132399974
MYH6_MOUSE,DTQLQLDDAVHANDDLK,2,0.985893341923598,0.996538205462783,7,0.06268,0.00270655994819327,58851912.8571429,955.95813,0.00769704958103733,0,2,1,2| 3| 31,NaN,-0.0326095761538139|,NaN| 0.330434769616382| 0.315346781544994| 0.293409193686675| 0.260368156476254| NaN| NaN| 0.188030080901894| NaN| NaN| 0.141830575082144| 0.107586029873332,NaN,NaN,0.00367164051938472,0.053314068589189,0.072045931410811,0.00382765378611074,0.058212270786662,0.067147729213338,0.00182586438963363,0.993340118479898,0.998360127124675
MYH6_MOUSE,IEDMAMLTFLHEPAVLY,2,0.984961663662426,0.992666246461992,3,0.06645,0.00220414794640414,72711566.6666667,996.99408,0.00277668154473523,0,1,0,1,NaN,0.0222943099626631|,NaN| 0.266119747953999| NaN| 0.241759224615045| NaN| NaN| NaN| 0.164594310317177| NaN| NaN| NaN| NaN,NaN,NaN,0.0018530187253624,0.0432198153307859,0.089680184669214,0.00539903778629355,0.0509473337805705,0.0819526662194295,0.00360304844317143,0.998188128556586,0.999899077827891
MYH6_MOUSE,GTLEDQIIQANPALEAFGN,2,0.991766048915625,0.995582130334568,5,0.06288,0.00144518066176338,103199022,1000.99982,0.00392325727862516,0,1,1,1| 16,NaN,0.023796100155201|,NaN| 0.297340303987715| 0.281072481846721| NaN| NaN| NaN| 0.20212784102211| 0.162195370689741| 0.14904050509941| NaN| NaN| NaN,NaN,NaN,0.00260227120256073,0.0559302071472031,0.069829792852797,0.00250312633229018,0.0582702473072239,0.0674897526927761,0.00166030752211409,0.997241589980996,0.999137515890729
MYH6_MOUSE,KKHADSVAELGEQIDNLQR,3,0.494284111661979,0.744919455522766,3,0.01735,0.0067901674101718,1808428.33333333,717.7099,0.0261409350905883,1,1,0,2| 21,NaN,,NaN| 0.340586037512017| 0.299039428948058| NaN| NaN| NaN| NaN| NaN| NaN| 0.206945909964715| NaN| NaN,NaN,NaN,0.0141021579315572,0,0.115199412420562,0.0227416476686628,0,0.0944079572732118,0.0179094066180207,0.98272257591049,0.967332393610571
MYH6_MOUSE,ALQEAHQQALDDLQAEEDK,3,-0.0399008777843664,0.454115589958761,3,0.05689,0.00920128987717074,66603956.6666667,718.00995,0.012116463174125,0,1,0,1,NaN,,NaN| 0.256847591498844| 0.274346428462514| NaN| 0.21614320607635| NaN| NaN| NaN| NaN| NaN| NaN| NaN,NaN,NaN,0.00900747851585706,0,0.194898529224592,0.0320752191480353,0,0.220353364381681,0.0379912985427517,0.748690592967571,0.871875824129401
MYH6_MOUSE,FSLVHYAGTVDYNIMGWLEK,4,-0.0150574297017498,-0.687227004899903,2,0.01534,0.0701672912184686,3110955,586.54242,0.0254410481773529,1,0,1,1| 2,NaN,,NaN| 0.249927482025437| 0.227221978797899| NaN| NaN| NaN| NaN| NaN| NaN| NaN| NaN| NaN,NaN,NaN,0.00602021871926273,0,4.14430819896197,0.324956844685634,0,1.82306684843003,0.142271188445338,1,1
MYH6_MOUSE,FSLVHYAGTVDYNImGWLEK,3,0.137296686840357,-0.261174021113545,3,0.03175,0.0073542271026114,22073595.3333333,787.05243,0.0134666734634106,0,0,1,1,NaN,,NaN| 0.226847283507072| 0.221310073669735| NaN| NaN| NaN| NaN| NaN| NaN| 0.185841288610256| NaN| NaN,NaN,NaN,0.0102006572668622,0,0.173458232635445,0.0329350848270088,0,0.13019817751948,0.0228808095152086,0.89388621812479,0.997870430985739
MYH6_MOUSE,LQQFFNHHMFVLEQEEYK,4,0.958760311374416,0.99829332340649,3,0.06314,0.00331416288588752,678256300,592.53613,0.00340924518283851,0,0,2,1| 9,NaN,0.0161417221523531|,NaN| 0.21958359369102| 0.209802152175788| NaN| NaN| NaN| 0.14842823255449| NaN| NaN| NaN| NaN| NaN,NaN,NaN,0.000650490757337422,0.0282110307406442,0.0980689692593558,0.00811800799489418,0.0564754832380766,0.0698045167619234,0.00154893206134072,0.994550429996735,0.999861428372645
MYH6_MOUSE,LQQFFNHHmFVLEQEEYK,4,-5.93427069601116,0.43875605567539,4,0.38729,0.106803221311277,54775602.5,596.53485,0.0297527327179332,1,0,0,1,NaN,,NaN| 0.228284290160862| 0.0736278025603607| 0.125040975884837| NaN| NaN| NaN| 0.0816887803213569| NaN| NaN| NaN| NaN,NaN,NaN,0.0266312311458005,0,0.957215527608101,0.179084098516582,0,1.19546340980673,0.253947225609857,0.066055363937562,0.714672160689232
MYH6_MOUSE,KmESDLTQLQTEVEEAVQEcR,3,0.518983609297318,0.596373307818325,3,0.04427,0.0177556700860969,7290838,847.05988,0.0210227004829962,0,2,0,1| 2,NaN,,NaN| 0.227929909406284| 0.208902804234448| NaN| NaN| 0.140728067045482| NaN| NaN| NaN| NaN| NaN| NaN,NaN,NaN,0.0118922731458013,0,0.397690497127792,0.0821401398918866,0,0.255270386771769,0.0490396041755564,0.983683943542616,0.999435314350067
MYH6_MOUSE,KQLEVEKLELQSALEEAEASLEHEEGK,4,-0.287150808983639,-0.245770007895122,5,0.00749,0.0125603775932141,4985279,767.3924,0.0231605886874927,1,0,1,2| 3,NaN,,NaN| 0.138885456833118| 0.147320075181022| 0.183823104903102| 0.162149559092864| NaN| 0.214195332241068| NaN| NaN| NaN| NaN| NaN,NaN,NaN,0.0195611377353802,0,0.0633749224640182,0.0201282288494946,0,0.0530487486951534,0.0164090219579904,-0.337148371779442,-0.832462516673128
MYH6_MOUSE,KPELLDM,2,-0.413051892094557,-3.17642706433042,2,0.05596,0.0290787053437332,1316605,423.22549,0.0321227117385081,0,1,0,2,NaN,,NaN| NaN| 0.483091887393167| NaN| 0.539911073712487| NaN| NaN| NaN| NaN| NaN| NaN| NaN,NaN,NaN,0.0237023736393444,0,2.25884579595865,0.173370872083124,0,0.307731720291294,0.0198148641172633,1,-1
MYH6_MOUSE,SEAPPHIF,2,0.972546304218608,0.988672877630127,5,0.04356,0.00140105755340769,1803609600,449.22687,0.00534188376428832,2,1,0,3| 6| 13,NaN,0.00981346855135749|-0.0301871213371656|-0.0382888877660137|,NaN| NaN| 0.552937990318242| 0.54467798586109| 0.50663362742817| NaN| 0.465467926647265| 0.438985124867821| NaN| NaN| NaN| NaN,NaN,NaN,0.0030325545178559,0.0368223927037959,0.0502976072962041,0.00242670286683026,0.0397351018278915,0.0473848981721085,0.00137762427394944,0.993620677634299,0.995965491675272
MYH6_MOUSE,GAIMHYGNMK,2,-17.4210384045456,-0.160252890158147,3,0.04134,0.0154714372329446,309892978.666667,561.26514,0.0373985133311929,1,1,1,2| 6| 13,NaN,0.0101515089272123|,NaN| NaN| 0.438444287670948| NaN| 0.366119723074224| NaN| NaN| 0.371791204174975| NaN| NaN| NaN| NaN,NaN,NaN,0.0176863090834673,0,0.15682144795752,0.0268395929699527,0,0.140262387548529,0.0229910229251291,-0.317021818670592,0.771518956461502
MYH6_MOUSE,GVMDNPLVMHQLR,3,0.83485666516428,0.971557321295065,2,0.04935,0.00473983180987214,126301580,503.927,0.00735307564463078,0,1,0,2,NaN,,NaN| NaN| 0.370774190512469| NaN| NaN| NaN| 0.299980459097969| NaN| NaN| NaN| NaN| NaN,NaN,NaN,0.00243710606626758,0,0.902271976119683,0.0671264153094148,0,0.752502736455627,0.0553393205179283,1,1
MYH6_MOUSE,AITDAAMMAEELKK,2,0.987881929453484,0.99556273929807,8,0.06361,0.00198403999782084,327211562.5,761.38617,0.0071600133301663,1,1,2,3| 7| 24| 31,NaN,0.028852769751575|-0.00470462145251576|,NaN| NaN| 0.350731670653316| 0.327895496477526| 0.292462490153293| 0.281116053737225| 0.261842900623485| 0.22473374869282| NaN| NaN| 0.151837097166314| 0.136606129801731,NaN,NaN,0.00394864271418555,0.0574673727011624,0.0697526272988376,0.00259771813480972,0.0602224308138754,0.0669975691861246,0.00143260358794414,0.99627828929004,0.998811740785501
MYH6_MOUSE,ATLFSTYASADTGDSGK,2,-116.925877851805,-0.883037039710601,2,0.01108,0.0282116634397433,2226261.5,846.3916,0.0287619317116378,2,0,0,2| 3,NaN,,NaN| NaN| 0.433934020276135| 0.376945506937932| NaN| NaN| NaN| NaN| NaN| NaN| NaN| NaN,NaN,NaN,0.0159628759315906,0,1.68106750316297,0.131430866875823,0,1.19280701972534,0.0930039334539424,1,1
MYH6_MOUSE,SISDNAYQYmLTDR,2,0.978226837257083,0.987497128079704,6,0.07187,0.00290589887581067,71363243.3333333,846.88031,0.00782366718665544,0,3,1,2| 7| 16| 21,NaN,0.0193317986167386|,NaN| NaN| 0.342214992422529| NaN| NaN| 0.254723523108054| NaN| 0.212166750496761| 0.190246958616942| 0.155204847698698| NaN| 0.135987145323192,NaN,NaN,0.00542056983678614,0.060297756802308,0.083442243197692,0.00450179918071103,0.0638522570509701,0.0798877429490299,0.00311903820395798,0.995548605803442,0.995709984278378
MYH6_MOUSE,KAPGVmDNPLVmHQLR,3,-137.208282145317,-0.00433317984072379,2,1E-05,0.0409420504223671,36933465,613.31854,0.0923443509869315,0,1,1,2| 9,NaN,,NaN| NaN| 0.437300606177815| NaN| NaN| NaN| 0.223747786005918| NaN| NaN| NaN| NaN| NaN,NaN,NaN,0.0436856292321046,0,1.80222960446283,0.141837758945216,0,0.852674981002225,0.0671061893550251,-2,-2
MYH6_MOUSE,KmEGDLNEmEIQLSQANR,3,-0.0376931876005147,0.692176344548257,4,0.03019,0.0115781408744449,3057344.5,713.33325,0.0356192092102143,1,1,1,2| 6| 13,NaN,,NaN| NaN| 0.323841279468596| NaN| 0.250502756550546| NaN| 0.211086562244045| 0.201837719413522| NaN| NaN| NaN| NaN,NaN,NaN,0.0154006920264474,0,0.137024449631667,0.0335699142712524,0,0.0976501653132234,0.0211975816236916,0.78540487181347,0.957909427051476
MYH6_MOUSE,KPELLDmLLVTNNPYDYAF,3,0.922365803420971,0.972104939408238,2,0.05581,0.00473423824994321,21825955,758.04504,0.00540102611879908,1,0,1,2| 13,NaN,-0.0412243920833137|,NaN| NaN| 0.238000594292246| NaN| NaN| NaN| NaN| 0.157693104928746| NaN| NaN| NaN| NaN,NaN,NaN,0.00273787794016122,0,0.868477291342886,0.063958302909767,0,0.770328860447132,0.0562338538760476,1,1
MYH6_MOUSE,EKSEFKLELDDVTSNMEQIIK,4,0.966408674171543,0.993098600009971,2,0.06367,0.00332998276885305,26968315,624.81891,0.00376445368270719,0,1,0,2,NaN,,NaN| NaN| 0.211369484908059| NaN| NaN| NaN| NaN| 0.119471926906641| NaN| NaN| NaN| NaN,NaN,NaN,0.00155835697652924,0,0.890282781006234,0.0650558367487869,0.00299448800235189,0.124345511997648,0.00477526635671302,1,1
MYH6_MOUSE,NMEQTIK,2,0.945850572483585,0.992733939466467,2,0.04699,0.00337148587363601,197989200,432.2182,0.00715254306032328,1,0,0,3,NaN,0.0286898607183918|,NaN| NaN| NaN| 0.569658717863557| NaN| NaN| NaN| NaN| NaN| 0.435904237715742| NaN| NaN,NaN,NaN,0.00232729921344138,0,0.597056167605616,0.0432911462574058,0,0.493709981375488,0.0351576250072108,1,1
MYH6_MOUSE,SEVAQWR,2,-21.0616446184998,-1655.22991718739,3,1.79682,5.30089400564418,44573813.3333333,438.22214,0.0250132723620437,0,3,0,3| 9| 13,NaN,,NaN| NaN| NaN| 0.239105554023715| NaN| NaN| 0.240110233896164| 0.240110233896164| NaN| NaN| NaN| NaN,NaN,NaN,0.00963721974700915,0.469390321558811,3.12424967844119,0.308514249654217,0.658406485062008,2.93523351493799,0.264584103445503,0.552570133063955,-0.999999999838119
MYH6_MOUSE,ALAHALQSSR,3,0.952494642082576,0.992311149597716,5,0.04765,0.00214878543804064,8737310.6,351.86484,0.011291891058161,1,1,2,3| 6| 9| 24,NaN,0.0230778385642479|-0.0147035151939331|-0.0239729516267072|,NaN| NaN| NaN| 0.501577471815549| 0.440808195152278| NaN| 0.401535905160287| 0.367122906996438| NaN| NaN| 0.276376982519802| NaN,NaN,NaN,0.00425959197245964,0.03731661118945,0.05798338881055,0.00372180555325053,0.0437519797482095,0.0515480202517905,0.00140396085793123,0.981020761933057,0.997015683634896
MYH6_MOUSE,KKEFDISQQNSK,3,0.982259236088053,0.995182722446169,2,0.07013,0.00264800808973542,4435390,484.5878,0.00414015516424565,0,0,2,3| 21,NaN,-0.000304961221332879|,NaN| NaN| NaN| 0.381385747788701| NaN| NaN| NaN| NaN| NaN| 0.206376423351281| NaN| NaN,NaN,NaN,0.00247945597986386,0,0.697507862789296,0.0493757086259176,0.000328370079928031,0.139931629920072,0.00549350741389661,1,1
MYH6_MOUSE,LAEKDEEMEQAKR,2,0.965634223170275,0.993220336344784,5,0.06529,0.00278139570866663,9656225.8,788.88538,0.00914349521671117,0,1,1,7| 16,NaN,,NaN| NaN| NaN| 0.355109359990933| 0.298593668928251| 0.282108573702515| NaN| NaN| 0.191464265420084| 0.167151175905419| NaN| NaN,NaN,NaN,0.00370797732357376,0.0519144238327233,0.0786655761672767,0.00481751868336464,0.0598657796179134,0.0707142203820866,0.00195365662806507,0.986949692547658,0.997972490628565
MYH6_MOUSE,ANDDLKENIAIVER,2,-6.04762330653777,0.828116992729202,3,0.3659,0.0789097528668367,2411673,800.42047,0.0245162114796712,2,0,0,13| 21,NaN,,NaN| NaN| NaN| 0.198092407943654| NaN| NaN| NaN| 0.114178893545736| NaN| 0.123110183504954| NaN| NaN,NaN,NaN,0.00780029348269271,0,1.03019591458741,0.154392175318821,0.101293695246529,0.63050630475347,0.0614984107185674,0.961125190685013,0.992992986856485
MYH6_MOUSE,SVYEKMFNWMVTR,3,-0.376680366179453,0.750307052223235,4,0.08723,0.0162657584279364,4862842.5,564.27417,0.0202279850568212,1,1,1,6| 7| 9,NaN,,NaN| NaN| NaN| 0.279999143603693| 0.272355271045741| 0.251237493509492| 0.227274750823663| NaN| NaN| NaN| NaN| NaN,NaN,NaN,0.00591154358049766,0,0.199993490203731,0.0354329592385005,0.0569738496198087,0.117486150380191,0.00950719901626266,0.153629095375159,0.897395620931538
MYH6_MOUSE,TVTIKEDQVMQQNPPKFDK,3,0.806452685053388,0.926775113431393,2,0.05289,0.00963952653640316,7405959.5,749.3877,0.0145163915044809,1,0,0,3,NaN,,NaN| NaN| NaN| 0.258261875760474| NaN| NaN| NaN| NaN| NaN| 0.120787710966232| NaN| NaN,NaN,NaN,0.00759354940354863,0,0.945684395269461,0.0702644427517556,0,0.735414320741381,0.0537158289921156,1,1
MYH6_MOUSE,VQHELDEAEERADIAESQVNK,4,0.75825440737033,0.947700925648853,2,0.05982,0.00246178401483571,56630345,603.29248,0.00295522987454839,1,0,0,3,NaN,-0.0666856672164032|,NaN| NaN| NaN| 0.228678887852525| 0.184937228497846| NaN| NaN| NaN| NaN| NaN| NaN| NaN,NaN,NaN,0.00204191018040192,0,0.680152251579207,0.0488212069980563,0,0.842583397901494,0.061604815455208,1,1
MYH6_MOUSE,LEDEcSELKKDIDDLELTLAK,4,-4.1081916768775,-3401275.03609136,2,0.04065,0.00901959093374511,2422627.5,620.0636,0.0107450581137643,0,1,0,3,NaN,,NaN| NaN| NaN| 0.211822698499008| NaN| 0.211837767994668| NaN| NaN| NaN| NaN| NaN| NaN,NaN,NaN,0.00567301636707899,0,0.303123870126495,0.0206571415759936,0,0.521425629448879,0.037837862637628,-1,-2
MYH6_MOUSE,QTVSALHR,2,0.0983902100999222,0.922278735962515,3,0.03851,0.00586460960613295,1338020.66666667,456.2565,0.0248800993789178,0,1,2,6| 9| 24,NaN,0.0394308205141867|,NaN| NaN| NaN| NaN| 0.536839197781887| NaN| 0.493831159029353| NaN| NaN| NaN| 0.414329593834763| NaN,NaN,NaN,0.00707398425390806,0,0.129243197873418,0.02108773437514,0.0209363081895421,0.0560836918104579,0.00408438535811907,0.934402804505215,0.98961158985131
MYH6_MOUSE,TTHPHFVR,2,0.933145194450471,0.98965407678138,4,0.03314,0.00159450967715328,247168175,497.7645,0.00693552938677997,0,2,2,6| 7| 24| 31,NaN,-0.048924774074671|0.0086709710837616|0.0103286450106092|0.00138897075122045|,NaN| NaN| NaN| NaN| 0.51099922621559| 0.505678113777655| NaN| NaN| NaN| NaN| 0.413248177249141| 0.398125136302038,NaN,NaN,0.00303245032413829,0.0229911171393181,0.0432888828606819,0.00318901935430655,0.0287025617881197,0.0375774382118803,0.00139434817954683,0.975361208524467,0.998196793480662
MYH6_MOUSE,AITDAAMMAEELK,2,0.893285586881613,0.968884960290186,3,0.0499,0.00207760720352209,566612666.666667,697.33868,0.0062913025070478,0,2,0,6| 7,NaN,0.0244802891068745|,NaN| NaN| NaN| NaN| 0.33598152295961| 0.335982117490204| NaN| 0.264398463990279| NaN| NaN| NaN| NaN,NaN,NaN,0.0029761922673005,0.0280034666540219,0.0717965333459781,0.00508907753455979,0.0395415260350328,0.0602584739649672,0.00240746223680744,0.982105273935225,0.988071271263802
MYH6_MOUSE,VLEQEEYKK,3,0.963286206617701,0.975814629327936,3,0.07342,0.00124378433350548,111192826.666667,389.20816,0.0028874923934796,0,0,1,7,NaN,0.0118883251711525|,NaN| NaN| NaN| NaN| NaN| 0.39255888439707| 0.361682118004904| 0.323470873048065| NaN| NaN| NaN| NaN,NaN,NaN,0.00219729154030783,0.0603113791367116,0.0865286208632884,0.00304663696715609,0.0634447488814,0.0833952511186,0.00231839559108036,0.993562756189937,0.997355971072572
MYH6_MOUSE,EEATLQHEATAAALR,3,NaN,NaN,0,0.46346,NaN,0,537.60925,0,NaN,NaN,NaN,NaNNaN,NaN,NaN,NaN,NaN,NaNNaN,NaN,NaN,NaN,NaN,NaN,NaN,NaN
MYH6_MOUSE,VLEQEEYK,2,-859.629730282402,-859.629730282402,2,7.73638,NaN,149979800,519.26111,0.00520318393182869,0,0,0,,NaN,,NaN| NaN| NaN| NaN| NaN| NaN| NaN| NaN| NaN| NaN| 0.233012708584061| 0.233881602241292,NaN,NaN,0.00520318393182869,NaN,NaN,NaN,NaN,NaN,NaN,-2,-2

