
liver

0.7616144628967837 0.03037628757620349 0.20800924952701283  	sigma/s
0.529955854530166  0.03037628757620349 0.43966785789363044		R2
0.4292621400042043 0.03037628757620349 0.5403615724195922		PEARSON

heart

0.8396790165613796 0.03312275909168516 0.12719822434693528
0.6353081782482499 0.03312275909168516 0.33156906266006486
0.5509646576745775 0.03312275909168516 0.4159125832337374

muscle

0.7973856209150327 0.048366013071895426 0.1542483660130719
0.5978213507625272 0.048366013071895426 0.35381263616557734
0.5437908496732026 0.048366013071895426 0.40784313725490196

kidney

0.7836822940373236 0.0312926718252162 0.18502503413746016
0.5568957669549386 0.0312926718252162 0.41181156121984525
0.44264906690942196 0.0312926718252162 0.5260582612653618
