proteinName,peptideSeq,charge,old_Rsquared,new_Rsquared,NDP,rateconstant,sigma,Abundance,MassToCharge,RMSE,selected_A1A0_count, selected_A2A0_count, selected_A2A1_count,improved_timePoints,new_k,I0_percentatediffI0_percentatediff,selected_io_t,i0,I0_asymptote,new_rmse,lowerci_old,upperci_old,sigma_old,lowerci_new,upperci_new,sigma_new,old_pearson,new_pearson
ASPH_MOUSE,FYFHLGDAMQR,3,0.807493766912777,0.81505995327936,10,0.14789,0.0280125248187928,11260153.8,462.2204,0.0395051229282235,5,0,2,0| 1| 2| 3| 7| 16| 24,NaN,,0.450696489022347| 0.346560623508427| 0.347762732006986| 0.311219237458106| 0.271694093752504| 0.268135606094848| 0.216288975826043| 0.153912294815371| 0.198017077142366| NaN| 0.253576051898414| NaN,0.450696489022347,0.175705935292881,0.0320590285796491,0.0747180891269964,0.221061910873004,0.0323460774896222,0.0885098435031514,0.207270156496849,0.0262493506111455,0.92602173380692,0.909028673465551
ASPH_MOUSE,LIFIVDVWHPELTPQQR,3,-6.69463195227593,0.132892997903567,2,1.89458,1.12540046891737,14572995,697.71771,0.035693381089387,0,0,1,0,NaN,,0.204942970459787| 0.0922914458836228| NaN| NaN| NaN| NaN| NaN| NaN| NaN| NaN| NaN| NaN,0.27876,0.0678553104242627,0.0214125208780965,0,19.6845931272906,1.40010439756201,0,15.1007764946238,1.039350204797,1,1
ASPH_MOUSE,NDLGVGYLLLGDNDSAK,2,0.495537354402387,0.91467468069146,6,0.0655,0.00963634447164853,19255763.3333333,882.44415,0.0250681298852319,1,2,0,7| 16| 24,NaN,,NaN| NaN| 0.321917704607669| 0.308008673337529| 0.273571514671798| 0.257544816773171| NaN| NaN| 0.198107549868108| NaN| 0.18885332214116| NaN,NaN,NaN,0.0103951992403081,0.0271249131410182,0.103875086858982,0.0149285606628051,0.0495866999018441,0.0814133000981559,0.00619054405619254,0.835135130194424,0.989558255493654

