proteinName,peptideSeq,charge,old_Rsquared,new_Rsquared,NDP,rateconstant,sigma,Abundance,MassToCharge,RMSE,selected_A1A0_count, selected_A2A0_count, selected_A2A1_count,improved_timePoints,new_k,I0_percentatediffI0_percentatediff,selected_io_t,i0,I0_asymptote,new_rmse,lowerci_old,upperci_old,sigma_old,lowerci_new,upperci_new,sigma_new,old_pearson,new_pearson
NU155_MOUSE,ISLQAIQQLVR,2,0.562294512433356,0.868017703514264,8,0.0185,0.00484951890006571,5833427.25,634.88788,0.0439676049144528,2,1,0,0| 3| 7,NaN,-0.0722371881626958|,0.508610528149011| 0.477092950448066| NaN| 0.491574016172577| NaN| 0.448656315371064| 0.463728954054287| NaN| 0.387383759348345| 0.369757624653075| NaN| 0.336262967102918,0.508610528149011,0.156679857270607,0.0174464493744257,0.0034857930210626,0.0335142069789374,0.00634951069819146,0.0125423272437777,0.0244576727562223,0.00251950082711824,0.863521357805774,0.977187361187182
NU155_MOUSE,EITAIESSVPVQLLESVLQELK,3,0.904585508389247,0.97533422289308,2,0.09338,0.0118827565532879,1116511,809.11938,0.00922500299366947,2,0,0,0| 7,NaN,,0.248666747801825| NaN| NaN| NaN| NaN| 0.151329508254763| NaN| NaN| NaN| NaN| NaN| NaN,0.248666747801825,0.0313042050973264,0.00312047570824123,0,0.623019197964448,0.0416835088813775,0,0.244959962969993,0.0119296018062521,1,1

