proteinName,peptideSeq,charge,old_Rsquared,new_Rsquared,NDP,rateconstant,sigma,Abundance,MassToCharge,RMSE,selected_A1A0_count, selected_A2A0_count, selected_A2A1_count,improved_timePoints,new_k,I0_percentatediffI0_percentatediff,selected_io_t,i0,I0_asymptote,new_rmse,lowerci_old,upperci_old,sigma_old,lowerci_new,upperci_new,sigma_new,old_pearson,new_pearson
PX11A_MOUSE,NFcDILIPLNQLGIYK,3,0.632834742849766,0.713783145440389,3,0.05767,0.0210667812117467,6003002,641.01324,0.0178685480936957,0,2,1,0| 1| 6,NaN,,0.331398682530894| 0.286588241974552| NaN| NaN| 0.262887440015323| NaN| NaN| NaN| NaN| NaN| NaN| NaN,0.331398682530894,0.123253184110717,0.00759922216548647,0,0.454137365371389,0.0921448674279868,0,0.282111645324389,0.0521635510513257,0.998571299594215,0.868724562297101
PX11A_MOUSE,NFcDILIPLNQLGIYK,2,0.943401390940848,0.982396647266698,8,0.27902,0.0245521281974495,11756726,961.01624,0.0116278559155763,3,2,0,2| 3| 6| 7| 9,NaN,0.0190888465484636|,0.299042449031949| 0.253659266634451| 0.221029176790906| 0.184945493051116| 0.165985285598382| 0.141906485998937| 0.131503649906875| NaN| NaN| 0.116009859137949| NaN| NaN,0.299042449031949,0.11121931368577,0.00649000154032706,0.196411046969946,0.361628953030054,0.0349353403590715,0.232912425542385,0.325127574457615,0.0194989011205843,0.977357854791611,0.994180260957892
PX11A_MOUSE,LGNVFHAIQATEQSIQAADLAPR,3,0.281797249649871,0.721205448241813,6,0.06126,0.015144820840546,34943172.1666667,817.43103,0.0288047809809227,1,1,2,0| 1| 9| 21,NaN,,0.233569687482075| 0.219228415818591| 0.212918283088041| 0.189786703869736| NaN| NaN| 0.162550638746189| NaN| NaN| 0.121199726389892| NaN| NaN,0.233569687482075,0.0159399851573914,0.0142699225316468,0.000948352058231863,0.121571647941768,0.0234622555586919,0.0313815383496584,0.0911384616503416,0.0116232291251224,0.710068104137494,0.98807523805307
PX11A_MOUSE,VVYYIcDTVLWAK,2,-0.0300813346598523,-8.47123884530797,2,1E-05,0.0127723465894186,30316460,815.4209,0.0419895325292828,1,1,0,1| 21,NaN,,NaN| 0.398662895127543| NaN| NaN| NaN| NaN| NaN| NaN| NaN| 0.380039003481393| NaN| NaN,NaN,NaN,0.0116995244613606,0,0.562141955789446,0.0442407443816656,0,0.156729376276879,0.0123340824055846,-2,-2
PX11A_MOUSE,HPPLLLDTVK,2,0.911942928373676,0.933146233540945,2,0.14719,0.00651087359654425,72710925,566.83984,0.00436902878890643,0,1,0,16,NaN,-0.02010220005533|,NaN| NaN| NaN| NaN| 0.357168953433947| NaN| NaN| NaN| 0.290770138282145| NaN| NaN| NaN,NaN,NaN,0.00350443209239724,0,0.70001681082222,0.0435084135904882,0,0.680162621363602,0.0419458549924623,1,1

