Protein,peptied,charge,t0_error,t31_error
IGG2B_MOUSE,TDSFScNVR,2,-5.4,-929.2

