Protein,Peptide,charge,time,RSS,theta,min_rss_decoy,diff,abs_diff,perc_diff,abs_perc_diff,exp_RIA_decoy,theoRIA
RT36_MOUSE,SQEEMEFIQR,2,0
RT36_MOUSE,SQEEMEFIQR,2,1
RT36_MOUSE,KPMSQEEMEFIQR,3,0
RT36_MOUSE,KPMSQEEMEFIQR,3,1
RT36_MOUSE,KPMSQEEMEFIQR,3,2
RT36_MOUSE,KPMSQEEMEFIQR,3,3
RT36_MOUSE,KPMSQEEMEFIQR,3,6
RT36_MOUSE,KPMSQEEMEFIQR,3,7
RT36_MOUSE,KPMSQEEMEFIQR,3,16
RT36_MOUSE,KPMSQEEMEFIQR,3,21
RT36_MOUSE,KPMSQEEMEFIQR,3,24
RT36_MOUSE,KPMSQEEMEFIQR,3,31
RT36_MOUSE,LSASEALGSAALPSHSSAISQHSK,4,0
RT36_MOUSE,LSASEALGSAALPSHSSAISQHSK,4,1
RT36_MOUSE,LSASEALGSAALPSHSSAISQHSK,4,2
RT36_MOUSE,LSASEALGSAALPSHSSAISQHSK,4,6
RT36_MOUSE,GSTSPDLLMHQGPPDTAEIIK,3,1
RT36_MOUSE,GSTSPDLLMHQGPPDTAEIIK,3,2
RT36_MOUSE,GSTSPDLLMHQGPPDTAEIIK,3,6
RT36_MOUSE,GSTSPDLLMHQGPPDTAEIIK,3,7
RT36_MOUSE,GSTSPDLLMHQGPPDTAEIIK,3,9
RT36_MOUSE,GSTSPDLLMHQGPPDTAEIIK,3,13

