Protein,Peptide,charge,time,RSS,theta,min_rss_decoy,diff,abs_diff,perc_diff,abs_perc_diff,exp_RIA_decoy,theoRIA
SQOR_MOUSE,GLPEGFAYPK,2,0
SQOR_MOUSE,GLPEGFAYPK,2,3
SQOR_MOUSE,GLPEGFAYPK,2,7
SQOR_MOUSE,GLPEGFAYPK,2,13
SQOR_MOUSE,GLPEGFAYPK,2,16
SQOR_MOUSE,GLPEGFAYPK,2,21
SQOR_MOUSE,GYWGGPAFLR,2,0
SQOR_MOUSE,GYWGGPAFLR,2,2
SQOR_MOUSE,GYWGGPAFLR,2,3
SQOR_MOUSE,GYWGGPAFLR,2,6
SQOR_MOUSE,GYWGGPAFLR,2,7
SQOR_MOUSE,GYWGGPAFLR,2,21
SQOR_MOUSE,TAAAVAAQSGILDR,2,0
SQOR_MOUSE,TAAAVAAQSGILDR,2,1
SQOR_MOUSE,TAAAVAAQSGILDR,2,2
SQOR_MOUSE,TAAAVAAQSGILDR,2,3
SQOR_MOUSE,TAAAVAAQSGILDR,2,7
SQOR_MOUSE,TAAAVAAQSGILDR,2,9
SQOR_MOUSE,TAAAVAAQSGILDR,2,21
SQOR_MOUSE,TAAAVAAQSGILDR,2,24
SQOR_MOUSE,TAAAVAAQSGILDR,2,31
SQOR_MOUSE,VAELNPDENcIR,2,0
SQOR_MOUSE,VAELNPDENcIR,2,1
SQOR_MOUSE,VAELNPDENcIR,2,2
SQOR_MOUSE,VAELNPDENcIR,2,9
SQOR_MOUSE,VAELNPDENcIR,2,13
SQOR_MOUSE,VAELNPDENcIR,2,16
SQOR_MOUSE,VAELNPDENcIR,2,21
SQOR_MOUSE,VAELNPDENcIR,2,24
SQOR_MOUSE,VGAENVAIVEPSER,2,0
SQOR_MOUSE,VGAENVAIVEPSER,2,6
SQOR_MOUSE,VGAENVAIVEPSER,2,7
SQOR_MOUSE,VGAENVAIVEPSER,2,13
SQOR_MOUSE,VGAENVAIVEPSER,2,16
SQOR_MOUSE,VGAENVAIVEPSER,2,21
SQOR_MOUSE,VGAENVAIVEPSER,2,24
SQOR_MOUSE,VGAENVAIVEPSER,2,31
SQOR_MOUSE,ANIIFNTALGTIFGVK,2,0
SQOR_MOUSE,ANIIFNTALGTIFGVK,2,1
SQOR_MOUSE,ANIIFNTALGTIFGVK,2,2
SQOR_MOUSE,ANIIFNTALGTIFGVK,2,3
SQOR_MOUSE,ANIIFNTALGTIFGVK,2,6
SQOR_MOUSE,ANIIFNTALGTIFGVK,2,7
SQOR_MOUSE,ANIIFNTALGTIFGVK,2,9
SQOR_MOUSE,ANIIFNTALGTIFGVK,2,13
SQOR_MOUSE,ANIIFNTALGTIFGVK,2,16
SQOR_MOUSE,ANIIFNTALGTIFGVK,2,21
SQOR_MOUSE,ANIIFNTALGTIFGVK,2,31
SQOR_MOUSE,ANIIFNTALGTIFGVK,3,0
SQOR_MOUSE,ANIIFNTALGTIFGVK,3,1
SQOR_MOUSE,ANIIFNTALGTIFGVK,3,2
SQOR_MOUSE,ANIIFNTALGTIFGVK,3,3
SQOR_MOUSE,ANIIFNTALGTIFGVK,3,6
SQOR_MOUSE,ANIIFNTALGTIFGVK,3,21
SQOR_MOUSE,ANIIFNTALGTIFGVK,3,24
SQOR_MOUSE,HFYQPIWTLVGAGAK,3,0
SQOR_MOUSE,HFYQPIWTLVGAGAK,3,3
SQOR_MOUSE,HFYQPIWTLVGAGAK,3,6
SQOR_MOUSE,HFYQPIWTLVGAGAK,3,21
SQOR_MOUSE,YDGYTScPLVTGYNR,2,0
SQOR_MOUSE,YDGYTScPLVTGYNR,2,1
SQOR_MOUSE,YDGYTScPLVTGYNR,2,2
SQOR_MOUSE,YDGYTScPLVTGYNR,2,3
SQOR_MOUSE,YDGYTScPLVTGYNR,2,6
SQOR_MOUSE,YDGYTScPLVTGYNR,2,7
SQOR_MOUSE,YDGYTScPLVTGYNR,2,9
SQOR_MOUSE,YDGYTScPLVTGYNR,2,13
SQOR_MOUSE,YDGYTScPLVTGYNR,2,16
SQOR_MOUSE,YDGYTScPLVTGYNR,2,24
SQOR_MOUSE,YDGYTScPLVTGYNR,2,31
SQOR_MOUSE,STLSVIPSGVQWIQDR,2,0
SQOR_MOUSE,STLSVIPSGVQWIQDR,2,2
SQOR_MOUSE,STLSVIPSGVQWIQDR,2,7
SQOR_MOUSE,STLSVIPSGVQWIQDR,2,21
SQOR_MOUSE,STLSVIPSGVQWIQDR,2,24
SQOR_MOUSE,VILAEFDYTAQPLETFPFDQSK,2,1
SQOR_MOUSE,VILAEFDYTAQPLETFPFDQSK,2,7
SQOR_MOUSE,EGNALFTFPNTPVK,2,6
SQOR_MOUSE,EGNALFTFPNTPVK,2,7
SQOR_MOUSE,EGNALFTFPNTPVK,2,16
SQOR_MOUSE,EGNALFTFPNTPVK,2,21
SQOR_MOUSE,NHYEVLVLGGGAGGITMATR,3,6
SQOR_MOUSE,NHYEVLVLGGGAGGITMATR,3,7

