PeptideSeq,Charge,Abun,t0,i0,t1,i1,t2,i2,t3,i3,t6,i6,t7,i7,t9,i9,t13,i13,t16,i16,t21,i21,t24,i24,t31,i31
AAGGDGDDSLYPIAVLIDELR,2,3175154.66666667,,,,,98.8744925,58.75,98.7244455,112.03,,,99.2187425,24.36,,,,,,,,,,,,

