PeptideSeq,Charge,Abun,t0,i0,t1,i1,t2,i2,t3,i3,t6,i6,t7,i7,t9,i9,t13,i13,t16,i16,t21,i21,t24,i24,t31,i31
QLSVVVPSYNEEK,2,9115438,40.430441,29.87,40.6041145,0,40.214453,0,,,,,,,,,,,40.7188415,36.15,,,,,,
LPVMMDEALNYLEK,2,23709573.3333333,66.5376625,48.46,66.841984,45.04,66.6843835,43.95,,,,,,,,,,,66.5887375,0,,,,,,

