PeptideSeq,Charge,Abun,t0,i0,t1,i1,t2,i2,t3,i3,t6,i6,t7,i7,t9,i9,t13,i13,t16,i16,t21,i21,t24,i24,t31,i31
TAVcDIPPR,2,518399472.727273,26.8539775,34.25,26.099022,52.76,26.087491,52.53,26.090058,47.63,26.960221,34.76,25.34672,48.48,26.339462,36.66,26.3918945,48.13,,,25.846981,34.42,27.2015955,31.12,27.3773795,31.02
NMMAAcDPR,2,629123090.909091,23.9445305,23.61,23.868307,24.39,23.896403,21.37,23.884019,20.82,23.970455,24.06,24.0234895,24.92,24.2712915,23.89,24.1116125,23.81,,,24.139065,21.83,24.200325,23.53,24.350916,23.51
MPGFAPLTSR,2,19770882.5,42.408014,25.26,42.2658445,26.57,41.916046,0,41.9614675,25.71,42.1872675,0,42.821882,27.62,42.150959,0,42.361393,0,,,42.4091145,0,42.426859,0,42.2851965,0
FPGQLNADLR,2,1297333745.45455,39.108507,64.46,39.287958,65.25,39.082428,65,39.2209625,65.09,39.3664875,74.36,39.3859615,64.14,39.411951,71.12,39.5767115,70.95,,,39.5910145,53.05,39.479616,58.6,39.6553345,54.14
LAVNMVPFPR,2,991735011.111111,49.9355125,48.13,49.867737,48.55,49.948269,45.5,49.9346065,47.56,50.044321,49.63,49.6336805,54.17,49.9147985,47.53,50.255722,48.5,,,50.3225385,0,50.2934975,0,50.383461,33.8
ISEQFTAMFR,2,697695172.727273,48.784855,76.18,48.7504215,58.57,48.832188,75.8,48.8148385,76.23,49.065342,56.69,49.027483,59.27,49.11096,36.86,49.22542,31.97,,,49.3263435,69.08,49.440233,71.88,49.5159055,69.24
LHFFMPGFAPL,2,193666836.363636,68.029148,47.35,68.105057,43.45,68.135391,35.33,68.202007,20.58,68.3462145,38.45,68.50425,35.81,68.5342215,38.32,68.655884,50.42,,,68.6209645,29.72,68.9641535,46.29,69.0984995,35.01
IGNSTAIQELFK,2,389584575,50.2741335,89.56,50.220438,0,49.883898,0,50.282587,66.08,50.5315835,0,50.2598095,0,49.7904375,0,50.759672,55.91,,,49.994524,0,50.138893,0,51.018436,70.21
EIVHIQAGQcGN,2,97723518.75,29.7208045,60.09,29.6763775,42.2,29.4648715,46.55,29.73975,41.93,29.820443,46.57,29.8426905,39.16,29.9008255,24.8,29.9999985,0,,,29.9533835,16.18,30.048562,0,30.1274815,0
IMNTFSVMPSPK,2,105414263.333333,44.2806285,81.22,44.838892,68.06,44.2805275,63.03,44.4114975,0,44.4980395,80.4,44.4498155,70.71,44.651434,67.83,44.689825,67.59,,,44.764694,67.7,44.650301,0,44.8624555,67.6
INVYYNEAAGNK,2,188755300,30.242179,61.15,30.341364,58.27,30.4212655,52.37,30.2956465,50.41,30.4339485,48.58,30.4617745,45.69,30.097597,27.07,30.179143,18.6,,,30.0921185,0,30.172019,37.25,29.284753,0
EVDEQMLNVQNK,2,400878342.857143,34.2119945,49.78,34.3666475,0,34.1714915,43.18,34.315081,47.91,34.3872545,43.36,34.4461805,16.72,34.4885105,23.41,34.654606,0,,,34.653112,41.84,34.771328,0,34.7519415,0
SGPFGQIFRPDNF,2,87724640,57.2561855,30.02,57.2912885,16.99,57.3514365,0,57.337629,0,57.500158,0,57.505127,0,57.6232735,0,57.7751885,0,,,57.828808,0,58.071211,0,58.264223,0
LHFFMPGFAPLTSR,3,308282654.545455,56.9911,44.74,57.030123,48.32,57.056381,56.05,57.0898495,47.42,57.26977,54.45,57.239834,52.57,57.3250965,48.62,57.52084,49.9,,,57.5517175,31.82,57.799135,46.8,57.9007075,47.77
ALTVPELTQQMFDSK,3,21843810.2222222,58.7035255,41.39,58.801815,48.05,58.8175355,45.36,58.861164,0,59.085556,0,59.3444465,34.33,59.4056775,40.5,59.7063885,41,,,59.4364285,18.78,59.9889395,18.56,59.86269,28.32
ALTVPELTQQMFDSK,2,150126693.333333,58.7036385,77.78,58.7762375,0,59.0693115,37.59,59.148909,0,59.0695935,0,58.6262115,0,59.3196485,0,59.2859745,0,,,58.4238075,0,58.715258,0,59.9583035,34.86
VSDTVVEPYNATLSVH,2,44669717,44.6309835,47.36,44.738998,63.31,44.692192,51.66,44.7215405,38.89,44.87537,44.36,44.8701835,44.91,44.9393765,40.55,45.1196595,35.81,,,45.18482,0,45.292988,31.39,45.666546,43.78
PDNFVFGQSGAGNNWAK,2,19414331.4285714,47.044611,59.2,46.722378,0,46.750978,52,46.5136225,26.77,46.9531405,37.21,46.954649,0,47.031319,29.2,46.6288375,0,,,47.2581405,31.5,46.9640945,0,47.357151,22.56
ESEScDcLQGFQLTH,2,6795630,46.165455,69.96,46.2392025,64.95,2774.469971,51.91,46.253021,37.65,2784.667236,0,2782.723877,0,2786.371826,0,2778.082031,0,,,2765.245361,0,2809.360107,20.86,46.868214,0
EIVHIQAGQcGNQIGAK,2,76640306.25,29.065938,74.47,29.251976,72.06,29.237016,83.76,29.257959,62.86,29.3948,70.36,29.335008,60.28,29.4564845,32.86,29.4906275,0,,,29.435482,0,29.4646715,0,29.58342,28.44
EIVHIQAGQcGNQIGAK,3,174656910,29.068059,59.04,29.2649545,31.43,29.2705865,35.24,29.2689215,51.35,29.4210995,24.9,29.43056,43.9,29.5369215,22.89,29.580556,25.73,,,29.5158215,0,29.5016945,32.56,29.7141765,27.67
MSATFIGNSTAIQELFK,2,403219528.571429,63.9982985,75.65,64.025919,71.65,64.118313,70.5,64.1545675,72.74,64.350376,72.42,64.424843,0,64.4060325,0,64.583481,0,,,64.537201,0,64.873482,32.24,65.0451855,65.75
QLTHSLGGGTGSGMGTLLISK,2,1543074,40.573498,27.48,40.674911,0,40.507221,0,2437.414795,0,40.718128,0,2446.746582,0,2428.581055,0,40.9687235,0,,,2440.624268,0,2448.871826,0,41.115845,0
IFRPDNFVFGQSGAGNNWAK,3,37559648.3333333,50.0319005,50.81,49.9643575,40.37,50.064804,41.65,50.04455,28.4,49.815624,39.65,49.8631515,0,49.938864,0,50.030846,0,,,50.1396445,0,50.2316705,0,51.2111795,27.73
LTTPTYGDLNHLVSATMSGVTTcLR,4,20861881.6666667,65.43816,42.86,65.4965595,61.65,65.9611625,39.64,65.6267665,44.71,65.7732355,36.53,65.9174155,26.23,65.61269,0,65.813629,0,,,66.1716235,0,66.3309095,0,66.4635235,0
LTTPTYGDLNHLVSATMSGVTTcLR,3,390603700,65.4001005,44.43,65.4461825,74.58,65.710987,45.82,65.561417,44.8,65.8629605,49.23,65.855076,0,65.9021415,34.49,66.0400655,0,,,65.821289,0,66.4646605,36.88,66.579132,45.01
LTTPTYGDLNHLVSATMSGVTTcLR,2,13642585.625,65.437832,54.75,65.4965595,94.2,65.535023,98.17,65.5732725,98.31,65.7380715,45.87,65.8547135,0,65.9242135,37.98,66.097107,36.23,,,66.0461425,62.08,66.2542115,0,66.438446,0
SGPFGQIFRPDNFVFGQSGAGNNWAK,2,8845732,60.959942,56.69,61.0315395,36.01,61.0826435,61.75,61.1300375,62.85,61.2558535,70.54,61.3100415,20.87,3688.070068,24.57,61.515854,0,,,3667.783691,0,3682.985352,0,3690.98584,0
SGPFGQIFRPDNFVFGQSGAGNNWAK,3,509211162.5,60.946949,61.39,61.018442,55.15,61.0568695,74.68,61.1420365,65.4,61.306328,35.37,61.3108255,42.14,61.4225505,53.78,61.526352,0,,,61.5158615,54.09,61.7885855,0,61.415783,0
FWEVISDEHGIDPTGSYHGDSDLQLER,4,61556253.3333333,52.70561,42.19,52.45701,25.45,52.8490695,29.93,52.787914,0,53.416094,0,53.3999615,0,53.523798,0,53.705381,0,,,53.734383,0,53.9357815,0,54.020792,0
ESEScDcLQGFQLTHSLGGGTGSGMGTLLISK,3,13995646.5,57.45224,67.62,57.540531,46.11,57.566702,47.32,57.5820715,0,57.7602805,0,57.7444855,0,57.80802,0,58.008915,18.74,,,58.062733,0,3462.163574,0,3468.311523,0
FFMPGFAPLTSR,2,21465072.4444444,60.7905295,0,61.1660725,42.8,60.963631,39.62,61.0015335,41.91,61.466757,45,61.190506,42.11,61.5532395,44.83,61.699343,32.11,,,61.566078,40.48,61.70681,40.85,61.00617,0
AILVDLEPGTMDSVR,2,240256825,53.5851535,0,53.642424,22,53.701281,35.67,53.6927185,0,53.9031965,0,53.90527,26.96,54.0038075,0,54.173727,0,,,54.2104665,45.12,54.4483165,0,54.034487,0
GHYTEGAELVDSVLDVVR,3,596676166.666667,60.039425,0,60.085091,42.68,60.1317025,0,60.2047805,0,60.3805715,0,60.4113235,31.26,60.414583,0,60.63427,0,,,60.6609535,0,60.905003,27.11,61.047245,0
LTTPTYGDLNHLVSATmSGVTTcLR,3,9636313.5,56.010538,0,56.067877,31.34,55.98946,0,56.1043205,33.25,56.345917,44.04,56.0374665,0,56.3276365,19.47,56.8000865,0,,,56.596962,0,56.8418445,0,56.983833,0
NSSYFVEWIPNNVK,2,585248700,56.242838,0,56.2985995,0,56.304497,0,56.364328,0,56.5058135,41.98,56.5222795,0,56.592869,30.25,56.787016,0,,,56.8187965,0,56.853022,0,56.9565315,0
LAVNMVPFPR,3,3803749.33333333,49.6189825,0,49.5865495,0,49.637207,26.59,49.644993,33.75,49.8965875,33.59,49.8584305,0,49.9130765,0,2991.635498,0,,,50.168865,0,50.2753985,0,50.3876955,0

