PeptideSeq,Charge,Abun,t0,i0,t1,i1,t2,i2,t3,i3,t6,i6,t7,i7,t9,i9,t13,i13,t16,i16,t21,i21,t24,i24,t31,i31
IFSIVEQR,2,32533823.75,38.636282,53.44,38.532627,47.85,38.6548825,52.8,38.958662,52.73,38.8281215,52.71,,,39.1239055,51.35,39.0058515,42.34,39.287264,41.66,,,,,,
YDGLVGMFDPK,2,32296374,54.3543205,39.42,54.6516665,0,54.6336095,27.14,54.685671,27.89,54.847107,16.32,,,55.003441,0,55.1153545,24.11,54.7891805,0,,,,,,
GLDYYTGVIYEAVLLQMPTQAGEEPLGVGSIAAGGR,3,5981754,84.0950545,63.22,84.2117615,56.39,84.3128395,0,84.247162,0,84.454609,0,,,84.71875,0,84.877369,0,84.7798615,0,,,,,,
ISFDLSLAR,2,43858431.4285714,51.511467,0,51.7784045,42.19,52.1498815,36.6,51.6328205,36.22,51.8310375,35.95,,,51.945011,30.44,52.1379375,32.6,52.0084515,39.35,,,,,,

