proteinName,peptideSeq,charge,old_Rsquared,new_Rsquared,NDP,rateconstant,sigma,Abundance,MassToCharge,RMSE,selected_A1A0_count, selected_A2A0_count, selected_A2A1_count,improved_timePoints,new_k,I0_percentatediffI0_percentatediff,selected_io_t,i0,I0_asymptote,new_rmse,lowerci_old,upperci_old,sigma_old,lowerci_new,upperci_new,sigma_new,old_pearson,new_pearson
CERU_MOUSE,DIFTGLIGPMK,2,0.473189323462933,0.924600430748301,12,0.1111,0.0363252534441599,14405413.4444444,596.32574,0.0618610453163969,3,1,0,2| 6| 21| 31,0.126051117942886,0.000301607546404752|,0.46702461003832| 0.427422851432935| 0.425951472920176| 0.409431057620163| 0.302769359639602| 0.35322865676861| 0.343082287131004| 0.306726822238933| 0.274806992798929| 0.281595187261263| 0.262703489863467| 0.263323074292297,0.46702461003832,0.253178156736573,0.0190997333783953,0.0258850953541085,0.196314904645891,0.0387167102452394,0.0847897113477891,0.137410288652211,0.0119538691787455,0.716425002100469,0.965443486230594
CERU_MOUSE,MFGNLQGLTMH,2,0.691921313654757,0.956742559017347,12,0.13449,0.0247566743230309,5356954.42857143,624.79681,0.0367133933735928,3,3,2,3| 6| 7| 13| 16| 21| 24| 31,0.13485456957991,0.0359237267983888|0.0489351372490639|,0.441841348852493| 0.400148172664789| 0.377651963513233| 0.372869100503966| 0.324402683860776| 0.293565478772099| 0.284067611477086| 0.245192848374251| 0.232335606040707| 0.196614848576842| 0.217703024625832| 0.254228348451254,0.441841348852493,0.207963999849155,0.0158145771809802,0.0752812338088598,0.19369876619114,0.0269010292756459,0.108985367584466,0.159994632415534,0.0115878257124963,0.883421087237513,0.979191437332479
CERU_MOUSE,ETFTYEWTVPK,2,0.802818115052513,0.923215186391902,12,0.49147,0.116253749635858,17809515,700.84027,0.0263152489672479,2,2,2,2| 6| 9| 16| 24| 31,0.353418732896184,-0.0583270489387053|,0.394873963098314| 0.340294045576162| 0.299539647471166| 0.301341219481371| 0.218299636039917| 0.222165471729574| 0.208832584517544| 0.219958742310346| 0.232134386542888| 0.218457831533877| 0.218301972367391| 0.218301972367391,0.394873963098314,0.214064655205844,0.0162403761353982,0.417825912481648,0.565114087518352,0.0334596020446357,0.446020774612287,0.536919225387713,0.0206494919816998,0.929485198156143,0.972883300820411
CERU_MOUSE,DIASGLIGPLILcK,2,0.817489147862396,0.981864060123394,12,0.26626,0.0426771051552397,9421432.25,735.42346,0.0322607905932735,3,3,3,1| 2| 3| 6| 7| 13| 16| 21| 31,0.273794634606019,,0.432533717726296| 0.341559403771647| 0.318296946138821| 0.285650472928775| 0.203357286750354| 0.196090910088405| 0.1790312540407| 0.169810591373643| 0.16309539069093| 0.178172801374026| 0.168578574037574| 0.150339253451249,0.432533717726296,0.153466098019391,0.0116407621391172,0.184063124563237,0.348456875436763,0.0373454928169377,0.236600643922796,0.295919356077204,0.0134754911722692,0.944270039212697,0.993536475584887
CERU_MOUSE,TESSTVVPTLPGEVR,2,-0.0908449886458356,-0.0218636405823316,12,0.00263,0.00504710815081499,19212742.5714286,786.41742,0.0699744363809502,3,3,3,0| 1| 3| 7| 9| 13| 16| 21| 31,0.00265118738915735,-0.00366040883469517|,0.40330879420313| 0.397876629700217| 0.389114286880464| 0.390499371421907| 0.422565027673485| 0.365886135309819| 0.382835660382426| 0.424832521474595| 0.416093707009518| 0.361469844944796| 0.449587912705875| 0.33155685575469,0.40330879420313,0.118525180758575,0.0310889262161348,0,0.0141472246190828,0.00523275887310242,0,0.00775293718195754,0.00232756552744645,0.0974836512963543,0.208789037024984
CERU_MOUSE,DLYSGLIGPLIVcR,2,0.802451209439674,0.975580035465063,12,0.41963,0.0766255926320423,4501101.75,788.43182,0.0285020040924193,2,6,2,0| 1| 3| 6| 7| 9| 13| 16| 21| 24,0.357711688077558,-0.0419983930925542|0.00146564951479843|,0.373003253545629| 0.30895532219349| 0.262531214933263| 0.216865734392194| 0.165606773349872| 0.132625533925125| 0.153382020529007| 0.162735153135299| 0.145820528103765| 0.132625967816882| 0.132625967816882| 0.134625068496629,0.373003253545629,0.138726679092545,0.0120246793454724,0.243478948083627,0.595781051916373,0.0800328213096127,0.345313825291941,0.493946174708059,0.0337649594828857,0.933743446334877,0.98832970820215
CERU_MOUSE,GTFDVEcLTTDHYTGGMK,3,0.919952980350779,0.976046187715662,12,0.16088,0.0199058920552337,4688858.6,677.96442,0.0196195037382028,3,5,1,0| 3| 6| 9| 13| 16| 21| 24| 31,0.220412619519193,-0.0252076295421235|,0.316889527204707| 0.268109307128856| 0.233343413621981| 0.225706098808282| 0.169375165522407| 0.167391474470274| 0.143873269986287| 0.12318511049825| 0.0971670651797328| 0.108811876399251| 0.099553966609991| 0.108811876399251,0.316889527204707,0.112434701042405,0.0108443256877672,0.115119259959773,0.206640740040227,0.0207910261720934,0.135586578956776,0.186173421043224,0.0114918635150823,0.960069725982319,0.993158565550503
CERU_MOUSE,AGLQAFFQVR,2,0.847552840890974,0.968394501763909,12,0.20254,0.0280458625310395,5605889.75,568.81421,0.0369911434941916,4,2,3,1| 2| 3| 6| 7| 13| 21| 24| 31,0.204381618203852,-0.047115906298082|0.0680184273682691|,0.520643643815473| 0.425944391715081| 0.411801803943966| 0.384130886389944| 0.265554454316656| 0.265556625987131| 0.225062852731256| 0.195802947346727| 0.183442307635084| 0.18974892580295| 0.22108890011025| 0.206884712334484,0.520643643815473,0.176229320436839,0.0193866407433397,0.14501495067419,0.26006504932581,0.026136045986855,0.172391771000335,0.232688228999665,0.0136976066738278,0.957081904599856,0.987288418116098
CERU_MOUSE,TYTWQIPER,2,0.910493992326088,0.976007178478614,12,0.03986,0.00325023659453838,222039157.142857,597.30109,0.0184377668247471,5,1,0,1| 3| 7| 16| 24| 31,0.0407649084772707,-0.0154182871127733|-0.0720154216972865|0.0150561758610073|,0.510214923981644| 0.500774559121277| 0.489409395412157| 0.457208948684895| 0.445043306828654| 0.457816759695398| 0.426747245679597| 0.401690487951815| 0.391851682190914| 0.356015775680218| 0.3585888445873| 0.327029500973759,0.510214923981644,0.251727029314801,0.00894728462230542,0.0329950562688206,0.0467249437311794,0.00311903226782243,0.0365286526593594,0.0431913473406406,0.00151357101495098,0.975811150583882,0.989537321273856

