proteinName,peptideSeq,charge,old_Rsquared,new_Rsquared,NDP,rateconstant,sigma,Abundance,MassToCharge,RMSE,selected_A1A0_count, selected_A2A0_count, selected_A2A1_count,improved_timePoints,new_k,I0_percentatediffI0_percentatediff,selected_io_t,i0,I0_asymptote,new_rmse,lowerci_old,upperci_old,sigma_old,lowerci_new,upperci_new,sigma_new,old_pearson,new_pearson
IGHM_MOUSE,PITVSWLK,2,0.759015274761944,0.872658042320113,12,0.17326,0.0281838642656096,58082857.5,472.28421,0.022554660136006,1,2,4,2| 3| 9| 13| 16| 21| 24,0.154363273626058,0.00557546051342179|0.0252584510241935|0.0275773628531963|,0.547955944593993| 0.516274396405779| 0.497580342319306| 0.476234495587788| 0.429620727521442| 0.426898583972868| 0.4129145922408| 0.425463189453316| 0.401064567569342| 0.407121153281871| 0.394427627175575| 0.413759362015569,0.547955944593993,0.375929619985007,0.0173256232071235,0.100378657131012,0.246141342868988,0.0331130551148086,0.11727535302403,0.22924464697597,0.0254361765017259,0.973925906255742,0.977179073853944
IGHM_MOUSE,NLVAMGcLAR,2,0.640947460964394,0.857542620050868,12,0.18531,0.0362836423599559,31233267.5,552.78625,0.0477165895655053,2,2,4,1| 2| 3| 7| 13| 21| 24| 31,0.183147190888965,-0.0488510438348496|,0.519659076056012| 0.442138610824828| 0.442587876325708| 0.378038042039827| 0.300656499987225| 0.295668985741145| 0.273217658235794| 0.255176865506479| 0.227922187824566| 0.263356018685956| 0.235337670935319| 0.314118564908567,0.519659076056012,0.212361439790951,0.0341875840056716,0.107698948253425,0.262921051746575,0.0352619605078123,0.129703881132011,0.240916118867989,0.0252641952839183,0.898378827765806,0.954283573069915
IGHM_MOUSE,KEFVcTVTHR,3,0.404898943447257,0.738353148520961,12,0.03758,0.00635681195895121,21158094.9,426.2204,0.0346423051529105,5,1,1,2| 6| 7| 9| 16| 21| 31,0.0408337267851414,-0.0366088141302898|,0.492841409609737| 0.467816132732247| 0.441255317674278| 0.453697760201702| 0.412390062980465| 0.406112957349425| 0.397281544055068| 0.381069133618927| 0.399413072506915| 0.364476825944405| 0.354786035782829| 0.35675510501377,0.492841409609737,0.254881768073184,0.0219882813384518,0.0242136693350516,0.0509463306649484,0.00607288541303102,0.0290960772983674,0.0460639227016326,0.00385460241194969,0.846178391083995,0.940211077987983
IGHM_MOUSE,LIcEATNFTPK,2,0.507052302238501,0.818907519459213,12,0.12872,0.0267165476736751,41771380.8333333,647.32898,0.0454887717779061,6,2,2,1| 2| 3| 6| 7| 13| 16| 21| 24| 31,0.178742578305878,,0.48120210495367| 0.414454612795411| 0.362542619375923| 0.340094715065292| 0.335295350282608| 0.300711938447104| 0.294255668058605| 0.289869946072247| 0.25114326003593| 0.24931992550318| 0.227457700743519| 0.262060062719972,0.48120210495367,0.226490152499075,0.0303089976306548,0.0755321767425055,0.181907823257494,0.024165462018559,0.0932811533113745,0.164158846688625,0.0161013564982628,0.865048575433548,0.955298325272802
IGHM_MOUSE,YLATSQVLLSPK,2,0.675301424530859,0.866030028894016,12,0.11681,0.0197417748966322,60477980,660.38208,0.0417505554134512,6,0,5,1| 2| 3| 6| 7| 9| 13| 16| 21| 24| 31,0.156465780264423,-0.0337756829825353|,0.476468612839304| 0.422236151287336| 0.377749851221966| 0.330799279396714| 0.336237453115336| 0.277048664330496| 0.252750405766736| 0.25595530787019| 0.228844042247391| 0.23663101782619| 0.244668570945445| 0.197296909812392,0.476468612839304,0.194711427741609,0.0301947244557437,0.0776471023372221,0.155972897662778,0.0177933492676488,0.0884867144267718,0.145133285573228,0.0128684582267465,0.905827288252113,0.959900710807291
IGHM_MOUSE,GVASVcVEDWNNR,2,-0.565506432452975,0.55490343052226,9,0.08132,0.0385635647005524,16574204.4,753.34369,0.108249061197432,3,0,3,0| 1| 2| 3| 16| 21,NaN,0.0522529875475016|,0.409174952879875| 0.399274201216114| 0.360892082448316| 0.30013060004867| 0.278329817166678| 0.286424580362111| 0.287256054130895| NaN| 0.20990485446156| 0.278814459190932| NaN| NaN,0.409174952879875,0.126048262212031,0.0352580218629166,0,0.196910992203269,0.0501260992741118,0.0458454669643629,0.116794533035637,0.0153835513542448,0.140124439243355,0.864851105110757
IGHM_MOUSE,GFSPADISVQWLQR,3,0.00808151256830292,0.205267051551828,12,0.06628,0.0265580387380461,4284506.6,535.27911,0.111302272855873,3,0,4,1| 2| 3| 7| 13| 16| 24,0.0412508903707681,,0.399865172269194| 0.331070896554471| 0.304368934630676| 0.383365988842891| 0.330167459776289| 0.231543990946867| 0.486905456973853| 0.222821672371615| 0.215730388777983| 0.391146177781996| 0.131029227441311| 0.135236044475096,0.399865172269194,0.102028582328623,0.0946915125468098,0.00754973499018258,0.125010265009817,0.0266836260917045,0.0163146445462444,0.116245355453756,0.0227013595502124,0.389578538449953,0.565859148074465
IGHM_MOUSE,GFSPADISVQWLQR,2,0.92897330667382,0.98961101975712,12,0.16834,0.016416753061438,30413672.5,802.41498,0.0233767290821552,3,4,4,1| 2| 3| 6| 7| 9| 13| 16| 21| 24| 31,0.153376438874553,0.0178086087871323|0.013145665669742|0.0539016978223107|,0.396579917856697| 0.352365382791646| 0.322644083468514| 0.308344865648384| 0.222162520395577| 0.202913117863387| 0.165057784243802| 0.133015842301929| 0.120422690394406| 0.116486874865207| 0.104139029943359| 0.0998047429109878,0.396579917856697,0.101190325152101,0.0104300537236114,0.132541194545957,0.204138805454043,0.0162649008838235,0.152367557370641,0.184312442629359,0.0072569515363461,0.977105344497078,0.996524666977197
IGHM_MOUSE,LVESGFTTDPVTIENK,2,0.985190507877821,0.996511245808058,12,0.24721,0.0128229714170034,17675980.7,875.44891,0.00939396229992482,4,3,1,1| 2| 7| 9| 13| 16| 21| 24,0.25570877703035,-0.00168840198444888|-0.0102229270548446|0.0235875025713886|-0.0235457989543986|-0.0624542831543069|,0.37198448348528| 0.309014948599341| 0.271873902267996| 0.237682155312167| 0.182823676679102| 0.169541997250246| 0.153965477548291| 0.138607807849153| 0.129384817524629| 0.134823642388973| 0.132216020504666| 0.120403238842215,0.37198448348528,0.125910636798043,0.00467375127022771,0.219730209710918,0.274689790289082,0.0124852228919747,0.23353805831356,0.26088194168644,0.00621173733589607,0.9946178251001,0.998752828819141
IGHM_MOUSE,YVTSAPMPEPGAPGFYFTH,2,0.957427851845447,0.987316269162166,12,0.23049,0.0215319524169931,14087259.5714286,1034.97729,0.0153595569923017,1,3,2,0| 2| 9| 13| 21| 31,0.230694507353702,,0.273356922740795| 0.238612386200308| 0.189969854213247| 0.161995184046185| 0.0868799437240542| 0.108680546825928| 0.0891741203888407| 0.0650255971832403| 0.0588675054332053| 0.0568037624693081| 0.0548215952810459| 0.0525963527536573,0.273356922740795,0.0525786010754931,0.00835010369723987,0.180991184554877,0.279988815445123,0.0224893908293986,0.203580353968902,0.257399646031098,0.0122261824092553,0.98403508379617,0.994042134320055
IGHM_MOUSE,HPPAVYLLPPAR,2,0.852089217473587,0.981347833419447,11,0.12524,0.0178180832627661,15608495.75,665.88513,0.0375494583837831,2,2,4,0| 1| 6| 9| 13| 16| 21| 31,NaN,,0.439711886553225| 0.375049926577986| 0.367994074571655| 0.319829377204693| 0.25660647816242| 0.249838251414541| 0.235677676716208| 0.189637946810156| 0.178707605013562| 0.150891452614462| NaN| 0.120057943146638,0.439711886553225,0.129223393053924,0.0127433615575093,0.0817495543023097,0.16873044569769,0.0195187322690445,0.110480413639035,0.139999586360965,0.00662417710280696,0.942389081887523,0.993977811114539

