proteinName,peptideSeq,charge,old_Rsquared,new_Rsquared,NDP,rateconstant,sigma,Abundance,MassToCharge,RMSE,selected_A1A0_count, selected_A2A0_count, selected_A2A1_count,improved_timePoints,new_k,I0_percentatediffI0_percentatediff,selected_io_t,i0,I0_asymptote,new_rmse,lowerci_old,upperci_old,sigma_old,lowerci_new,upperci_new,sigma_new,old_pearson,new_pearson
NDUV2_MOUSE,GPGFGVQAGL,2,0.859234100940733,0.988678347143814,12,0.02992,0.00287921095988556,117792746,451.74017,0.0289075375139223,7,2,1,1| 2| 3| 6| 7| 9| 13| 16| 21| 31,0.0306107943071456,-0.0041342780024746|-0.0116750953623608|-0.0197939748355374|-0.0381068853232951|,0.619559257772074| 0.602812473613705| 0.599455436105351| 0.585200215056364| 0.53372409873453| 0.553410587853437| 0.526267140468391| 0.501408276323641| 0.475627991235831| 0.443200067235464| 0.418463794286865| 0.392883698735856,0.619559257772074,0.241537800954132,0.0077308493153331,0.0237106249248881,0.0361293750751119,0.00282117989319032,0.0282594039348749,0.0315805960651251,0.000754478538173574,0.973043983942548,0.994999224450497
NDUV2_MOUSE,TTTPcMLR,2,0.337663798924327,0.254372739239817,12,0.02678,0.00508756722413584,75873267.5,490.23862,0.0273043327852304,3,2,0,6| 7| 21| 24| 31,0.0278632000742156,-0.008714240722117|0.0222291566122039|-0.0830331533547954|,0.549171337475964| 0.500130853178028| 0.491935262972101| 0.536525497882498| 0.507867578653581| 0.512036225304965| 0.498993251725002| 0.447734739630202| 0.484529102057169| 0.486883180596769| 0.470211096080947| 0.455985160363513,0.549171337475964,0.359429631854329,0.0245657125085813,0.0148486265522761,0.0387113734477239,0.00542092408039254,0.0160453414293335,0.0375146585706665,0.00487720624917826,0.715131882184585,0.75499934239359
NDUV2_MOUSE,GAGGALFVHR,2,0.930787146097019,0.96210022314831,12,0.04994,0.00344918071108727,160633217.5,492.77234,0.0216149907191357,0,5,0,2| 3| 21| 24| 31,0.0469923677242502,,0.544436332849609| 0.51597247475646| 0.534321411062066| 0.514518114730423| 0.452550345781228| 0.414524324250893| 0.414531012449373| 0.382896024348767| 0.366479418078308| 0.351607293258593| 0.313690528972719| 0.292718131700375,0.544436332849609,0.202485752377789,0.0162837161381411,0.0416856663532544,0.0581943336467456,0.0037502904614702,0.0437215737346526,0.0561584262653474,0.00282529222906837,0.974953491556956,0.9846239646143
NDUV2_MOUSE,DIEEIIDELK,2,0.981742561615474,0.991297528660354,12,0.0468,0.00191877217201224,239168240,608.81897,0.0111830270474619,0,5,3,1| 2| 3| 6| 7| 16| 24| 31,0.0497483419023956,0.0034709870848546|0.00980121823542564|0.0313437926804293|-0.0243538315705486|0.0640553417541516|-0.0058517713931325|,0.509163698049708| 0.496870785021847| 0.488492012680262| 0.465989875687196| 0.437628302211816| 0.411595235631422| 0.404478687728425| 0.369979444720064| 0.338057750333481| 0.324018002032062| 0.295569907218421| 0.267472819226583,0.509163698049708,0.208072447859,0.00732712938366233,0.0425313281439465,0.0510686718560535,0.00193943691035742,0.0440031623590859,0.0495968376409141,0.00127072080871559,0.99504717555943,0.997530945682888
NDUV2_MOUSE,VAEVLQVPPMR,2,0.970789541049845,0.992054710856868,12,0.0315,0.00145055875074354,525638766.666667,619.84991,0.0118720755115505,6,1,0,2| 3| 6| 7| 16| 24| 31,0.0316092670774212,-0.00326682886570172|0.00949599257784255|-0.0218153885114411|0.0126246983571362|-0.0820113938266565|,0.480591621841731| 0.469212459651679| 0.456744997620089| 0.450048185022217| 0.42294360881225| 0.421574061401663| 0.396393601154826| 0.364151200607293| 0.352083593768799| 0.321905657704102| 0.321235112071067| 0.290856210185055,0.480591621841731,0.162672368962645,0.00549374402134353,0.0282787315422977,0.0347212684577023,0.00146355755506911,0.0300093740084936,0.0329906259915064,0.000677253994908509,0.993860324037845,0.996745157442176
NDUV2_MOUSE,VAEVLQVPPMR,3,0.753897556378565,0.908458860010943,12,0.0206,0.00361463846818769,42444937.5,413.56903,0.0356024949733698,4,3,1,0| 1| 2| 3| 6| 7| 13| 16,0.0309436548344146,0.0456344062296433|0.0469492878409018|-0.0569074324518336|,0.501854473408986| 0.475336159512914| 0.437036546965412| 0.458046954428952| 0.428443125868502| 0.429243072869224| 0.384909366284993| 0.389913119181772| 0.3850140357542| 0.362631465017469| 0.342766386784039| 0.30091640692344,0.501854473408986,0.169869494917716,0.0167387410785574,0.0122904738143273,0.0289095261856727,0.00377536675001644,0.0166932230336243,0.0245067769663757,0.00177501286222746,0.96926311463577,0.963710838872557
NDUV2_MOUSE,DSDSILETLQR,3,0.853867768030447,0.916543984681917,12,0.02579,0.00308878021384738,19500190,426.2175,0.0289478697567717,2,1,3,3| 7| 13| 16| 21| 24,0.0296879077351848,0.0528870723908815|0.072952972070066|,0.503324961662949| 0.492666391083904| 0.482365070793997| 0.50855574494084| 0.474882258948757| 0.442439070912886| 0.423415501273095| 0.398656376195346| 0.374958466662946| 0.361440919074514| 0.301429954184131| 0.326455801547546,0.503324961662949,0.17858334445744,0.0197333247344497,0.0187832895611673,0.0327967104388327,0.00318344283737527,0.0210136315289694,0.0305663684710306,0.00217010480602943,0.945920540420728,0.970341898772621
NDUV2_MOUSE,DSDSILETLQR,2,0.779553700447981,0.966970294683102,12,0.09883,0.0126841331728006,347038044.444444,638.82257,0.0346706786965426,1,2,5,2| 6| 9| 13| 16| 21| 24| 31,0.0898715522114994,-0.036832790634947|,0.464260374713586| 0.430786772543101| 0.40488600442108| 0.385797450893869| 0.316712387591048| 0.315535140124962| 0.286242474937353| 0.281083839344154| 0.244255326477062| 0.226579795228024| 0.219957666480144| 0.171649244337129,0.464260374713586,0.164722945870777,0.0160059404726122,0.0647836010178784,0.132876398982122,0.0154687090217635,0.0831122622486192,0.114547737751381,0.00714122841256046,0.971737790950291,0.990291289562729
NDUV2_MOUSE,QNGWLPISAMNK,2,0.70578483949123,0.826719447429599,12,0.02352,0.00396604549478069,146282600,679.8479,0.0360888396728997,3,1,2,2| 3| 9| 13| 16| 24,0.0273937458119378,0.0193058078622229|-0.0129294399746105|,0.46645028448297| 0.450006511380275| 0.466000796347294| 0.433863092279155| 0.399607215492747| 0.408599205797345| 0.393820751036377| 0.445546005287025| 0.349409670778408| 0.323389577607605| 0.32958231991786| 0.272877596225367,0.46645028448297,0.165499941729247,0.0251618347060377,0.0149615602449455,0.0320784397550545,0.00388845863906928,0.0175528908213701,0.0294871091786299,0.0027111083211411,0.852028643089951,0.925151087955477
NDUV2_MOUSE,VYEVATFYTMYNR,2,0.565991377049625,0.774424219277248,12,0.0181,0.00521413149753105,91611043.3333333,828.88995,0.0343916930789733,7,1,0,0| 1| 2| 3| 6| 9| 16| 24,0.0188317521438772,0.018059794646004|0.0147858878291345|-0.0312346365994897|,0.392162724395862| 0.321723931427086| 0.359030086758746| 0.340498377948562| 0.339763861184875| 0.345620968520449| 0.344202144848742| 0.30992806559562| 0.306498918043342| 0.282004511697488| 0.288902309184642| 0.249857396215704,0.35333,0.158652687057483,0.0174865213350898,0.00611347282844622,0.0300865271715538,0.00544598273360987,0.0120054276089956,0.0241945723910044,0.00276902021203553,0.963538297859493,0.903081481142125
NDUV2_MOUSE,VQINDNYYEDLTPK,2,-0.550993524714208,0.2284492136674,12,0.0042,0.00329521701394907,99495862.8571429,856.41229,0.0344293354150284,3,2,2,2| 3| 6| 9| 21| 24| 31,0.00549756883337867,-0.0331984789708578|,0.360803919473773| 0.334615418684328| 0.394702346215372| 0.359072699240938| 0.341940324791507| 0.340645651545028| 0.385066782956689| 0.35249773623635| 0.346605446073584| 0.380827429360696| 0.303905803820022| 0.302619813337615,0.360803919473773,0.134189525363075,0.0242589003172033,0,0.0117684557367764,0.00343866731978816,0,0.00943653859655572,0.00237917942140929,-0.671026734770831,0.52236540203997
NDUV2_MOUSE,FccEPAGGLTSLTEPPK,2,0.858580752274373,0.919198178827604,12,0.03,0.0029140091633075,109921836.666667,932.43439,0.0204715117741984,4,4,2,1| 3| 6| 7| 9| 13| 16| 21| 24| 31,0.031798152207544,-0.00721130226539379|,0.340320721910791| 0.320139946734025| 0.303644744416963| 0.311268267592389| 0.288490918583147| 0.277004875201078| 0.261079611771245| 0.247136813807972| 0.258079396556577| 0.236558436285067| 0.19188778690056| 0.162451386084917,0.340320721910791,0.0753931702049699,0.0142292698251941,0.0233517486629631,0.0366482513370368,0.0030205798119847,0.0253789557320513,0.0346210442679487,0.00209953449688243,0.991500223353246,0.968852798457313
NDUV2_MOUSE,FccEPAGGLTSLTEPPK,3,0.922300306713061,0.961937516262245,12,0.02661,0.00211540328029239,19741720.8181818,621.95868,0.0149062447147986,0,2,1,7| 16| 31,0.0266032831804789,,0.318920170390607| 0.320078146746122| 0.308622636481944| 0.294370711575499| 0.280694734738927| 0.285721217878617| 0.291204516203607| 0.23689617392861| 0.234674883953107| 0.204346912932774| 0.206257134546682| 0.172302868615314,0.318920170390607,0.0706521852476554,0.0093301196689751,0.0216180417165891,0.0316019582834109,0.00226805631266363,0.0234854324742491,0.0297345675257509,0.00141962226020063,0.970820334920065,0.982710306130793
NDUV2_MOUSE,NYPEGHQAAAVLPVLDLAQR,3,0.974076269997869,0.988865708844859,12,0.03098,0.00130921069676339,349291008.333333,721.38324,0.00919718269032461,0,7,0,2| 6| 7| 9| 16| 21| 31,0.0304849356971354,-0.0108320113118063|-0.0449690198505011|-0.0485719199837317|-0.0585198475807149|,0.30154454907344| 0.29235015650208| 0.283568063992925| 0.274259628933985| 0.256467015708321| 0.249168617638505| 0.239752811507528| 0.205285947679225| 0.20545196951663| 0.181163273573709| 0.149976592888217| 0.140037003250034,0.30154454907344,0.0314424876892058,0.00553875128331693,0.0280121065244249,0.0339478934755751,0.00134843865882465,0.0291926674711069,0.0327673325288931,0.00081206023665227,0.998713170968015,0.994734003801481
NDUV2_MOUSE,NYPEGHQAAAVLPVLDLAQR,2,0.604450106185594,0.828631194254607,11,0.03835,0.00579047402884342,6121069.09090909,1081.57129,0.0300247513678829,3,2,2,0| 2| 6| 7| 13| 16| 21,NaN,-0.0150535006706491|,0.285378678292061| 0.287522680835658| 0.261530021813773| 0.261562139980925| 0.231198257014796| 0.234045746983951| 0.181910974021821| 0.175970768133521| 0.228471840904652| 0.15435201889737| 0.112520340549567| NaN,0.285378678292061,0.0297568488852856,0.021353239325734,0.0242165888692112,0.0524834111307888,0.00634314648849072,0.0282984892758329,0.0484015107241671,0.00451116891485127,0.811901423308592,0.915605497465969
NDUV2_MOUSE,DTPENNPDTPFDFTPENYK,2,0.941523441021665,0.959052631972183,12,0.03048,0.00212335526032477,68400580,1120.98462,0.0124139728563526,4,3,1,3| 6| 9| 13| 16| 21| 24| 31,0.0325962488805101,-0.00715048536688502|0.00649834107291442|-0.00822341869597596|-0.0359790737662869|,0.289899363910922| 0.283429234316671| 0.27534781745794| 0.271834068520033| 0.25292106184729| 0.243617237612069| 0.239346598408189| 0.215262834348727| 0.174545578143163| 0.187555350495454| 0.164941595578142| 0.160211714579823,0.289899363910922,0.067320256354919,0.00928116517797586,0.0257505578491675,0.0352094421508325,0.00214878420783672,0.0269440865330155,0.0340159134669845,0.00160651399801902,0.984425023641639,0.981502957830012
NDUV2_MOUSE,DTPENNPDTPFDFTPENYKR,3,0.834325885215839,0.899173977901127,12,0.03135,0.00440746432094664,29829430.5,799.6925,0.0230844834337607,1,3,5,0| 1| 2| 3| 7| 9| 16| 21| 24,0.0318355764099789,-0.0365983861080111|0.00157511173837957|,0.296994706447964| 0.230379699866226| 0.236479949263893| 0.231676348888039| 0.208188385725695| 0.208526803496563| 0.2085268519289| 0.189808716041352| 0.168726038326697| 0.156623601488281| 0.146403518229445| 0.114258398414975,0.25116,0.0483091531530109,0.0147985103764966,0.0212178829128693,0.0414821170871307,0.00460344634619258,0.0248547175614726,0.0378452824385274,0.00295107961662879,0.97174331446194,0.952992542280277
NDUV2_MOUSE,YHIQVcTTTPc,2,0.874809509487991,0.931716907441599,12,0.02543,0.00290593251468282,181516975,690.30774,0.0185169150921332,7,1,1,1| 3| 6| 7| 9| 16| 21| 24| 31,0.0303283050890858,0.0153166133714335|0.0281348986160138|-0.0376497996786803|0.00501690161140824|0.0162597440617744|-0.0177897682543927|,0.432628661147122| 0.441434321141136| 0.416636389985484| 0.419288441456908| 0.399837382255022| 0.396687832957391| 0.385579835540449| 0.347773965411966| 0.363798573698823| 0.331953266401019| 0.308491053921731| 0.296162995833114,0.432628661147122,0.213447946244166,0.0121286973088534,0.0183973269490868,0.0324626730509132,0.00319523874248492,0.0208235543646309,0.0300364456353691,0.00209290172495231,0.982223780294608,0.985453504089504
NDUV2_MOUSE,DTPENNPDTPFDFTPENYK,3,0.862532696782004,0.965565634997636,12,0.02832,0.00304401990947278,30058308.75,747.65881,0.0173428545321146,2,3,2,1| 2| 3| 7| 16| 21| 24,0.0290734047690554,-0.0441150750508084|,0.270616172191174| 0.259634684550153| 0.269335375047218| 0.262731045469523| 0.228149824506671| 0.220021128459263| 0.227690365892486| 0.202163150297435| 0.196330082312127| 0.17393109340637| 0.16126685792876| 0.157389784819762,0.270616172191174,0.0628423251431992,0.00736032065570628,0.0212803343263165,0.0353596656736836,0.00319841578470281,0.0253323605331906,0.0313076394668094,0.00135741009198298,0.955317866653655,0.982896647525966
NDUV2_MOUSE,YHIQVcTTTPcMLR,3,0.63424172252227,0.852106015460629,12,0.02198,0.00491323477515032,101792373.333333,593.94946,0.0314386523766447,2,3,3,1| 2| 3| 6| 9| 13| 16| 24,0.0265832223914124,0.0424326575744106|-0.0012146479583478|,0.335937104135751| 0.33095600597413| 0.353681968639543| 0.308921962714138| 0.301041254948369| 0.298652158547806| 0.278840242315796| 0.304084914098374| 0.272158717799776| 0.235499547414937| 0.234812303515221| 0.220866285452882,0.335937104135751,0.130966503000265,0.0156342274048397,0.0105831512889325,0.0333768487110675,0.00517806704224838,0.016312424866285,0.027647575133715,0.00257501742397066,0.822351302028847,0.945403172724055

