proteinName,peptideSeq,charge,old_Rsquared,new_Rsquared,NDP,rateconstant,sigma,Abundance,MassToCharge,RMSE,selected_A1A0_count, selected_A2A0_count, selected_A2A1_count,improved_timePoints,new_k,I0_percentatediffI0_percentatediff,selected_io_t,i0,I0_asymptote,new_rmse,lowerci_old,upperci_old,sigma_old,lowerci_new,upperci_new,sigma_new,old_pearson,new_pearson
OST48_MOUSE,SSLNPILFR,2,0.41628084965416,0.901082991563861,9,0.08759,0.0141479862462773,8486701.33333333,523.80328,0.0370261854781177,4,2,0,0| 3| 9| 13| 16| 24,NaN,,0.538404304677854| NaN| 0.467184592999216| 0.448395931715393| 0.433215435434752| 0.406963400140124| 0.356826156743342| 0.383276012574548| 0.325784215443667| NaN| 0.323267468348311| NaN,0.538404304677854,0.265634950716834,0.0181427692927524,0.0476323130365212,0.127547686963479,0.0173276735956469,0.0680107998558519,0.107169200144148,0.00849053123799997,0.837976603914972,0.961438841164223
OST48_MOUSE,WVPFDGDDIQLEFVR,2,-0.0202799662381243,0.816324707469865,9,0.05453,0.0180122932131916,2099882.2,918.45178,0.0594256330034339,0,4,3,0| 2| 3| 9| 13| 16| 24,NaN,,0.338755273421237| NaN| 0.281419213057728| 0.295828673989478| 0.288028493708779| 0.269756750797125| 0.244314805928774| 0.214662592633551| 0.225853944716873| NaN| 0.0916414181656434| NaN,0.338755273421237,0.104355149867749,0.0246640720891101,0.00365847940487082,0.105401520595129,0.0220604637348579,0.0334162349826646,0.0756437650173354,0.00915599616489224,0.520841993201833,0.915778143689064

